       3092.1138 -2.76581e-13
       3093.1901 -1.21944e-13
       3094.2665 -1.24466e-13
       3095.3429 -2.32182e-13
       3096.4193 -3.54733e-13
       3097.4956 -1.94696e-13
       3098.5720 -5.77014e-13
       3099.6484 -2.47832e-13
       3100.7247 -5.01913e-13
       3101.8011 -1.79311e-13
       3102.8775 -1.52747e-13
       3103.9538 -1.87190e-13
       3105.0302 -2.08186e-13
       3106.1066 -9.17885e-14
       3107.1830 -6.71773e-13
       3108.2593 -1.34581e-13
       3109.3357 -1.87197e-13
       3110.4121 -9.31603e-14
       3111.4884 -1.35254e-13
       3112.5648 -1.38022e-13
       3113.6412 -2.73903e-13
       3114.7176 -1.66234e-13
       3115.7939 -1.73168e-13
       3116.8703 -3.37547e-14
       3117.9467 -8.85861e-14
       3119.0230 -4.23493e-13
       3120.0994 -1.31619e-13
       3121.1758 -1.21092e-13
       3122.2522 -1.48069e-13
       3123.3285 -1.25881e-13
       3124.4049 -3.11111e-14
       3125.4813 -1.44918e-13
       3126.5576 -9.92586e-14
       3127.6340 -4.87538e-14
       3128.7104 -1.08805e-13
       3129.7867 -4.62883e-14
       3130.8631 -8.35424e-14
       3131.9395 -8.67581e-14
       3133.0159 -5.20135e-14
       3134.0922 -7.11305e-14
       3135.1686 -5.45184e-14
       3136.2450 -8.81895e-14
       3137.3213 -1.07371e-13
       3138.3977 -5.86227e-14
       3139.4741 -4.30230e-14
       3140.5505 -2.72770e-14
       3141.6268  3.50978e-14
       3142.7032  3.94763e-14
       3143.7796  4.37066e-14
       3144.8559  3.39790e-14
       3145.9323 -9.97888e-15
       3147.0087 -1.82787e-15
       3148.0851 -4.79717e-15
       3149.1614 -1.80742e-14
       3150.2378 -6.20622e-15
       3151.3142 -2.62521e-14
       3152.3905 -8.86903e-15
       3153.4669 -7.93947e-14
       3154.5433 -2.13325e-14
       3155.6196 -3.68235e-14
       3156.6960 -1.95336e-14
       3157.7724 -4.26550e-14
       3158.8488 -5.23666e-14
       3159.9251 -2.91610e-14
       3161.0015 -2.00742e-14
       3162.0779 -2.56445e-14
       3163.1542 -2.63664e-14
       3164.2306 -2.41706e-15
       3165.3070 -2.50000e-14
       3166.3834 -2.01058e-14
       3167.4597 -2.48598e-14
       3168.5361 -2.24660e-14
       3169.6125 -3.94197e-14
       3170.6888  6.72738e-16
       3171.7652 -1.88743e-14
       3172.8416 -4.73334e-14
       3173.9180 -3.38045e-14
       3174.9943 -4.94283e-14
       3176.0707 -1.15491e-14
       3177.1471 -3.69368e-15
       3178.2234 -1.40474e-14
       3179.2998  5.06404e-15
       3180.3762 -3.89281e-14
       3181.4525 -3.38419e-14
       3182.5289 -4.02120e-14
       3183.6053 -2.91149e-14
       3184.6817 -1.24454e-14
       3185.7580 -3.33901e-14
       3186.8344 -3.83866e-14
       3187.9108 -2.20785e-14
       3188.9871 -5.00546e-14
       3190.0635 -4.40136e-14
       3191.1399 -2.58985e-14
       3192.2163 -2.59099e-14
       3193.2926 -5.92098e-15
       3194.3690 -1.77439e-14
       3195.4454 -2.82289e-14
       3196.5217 -1.50032e-14
       3197.5981 -2.64052e-14
       3198.6745 -6.95237e-15
       3199.7509 -1.06425e-14
       3200.8272 -2.17490e-14
       3201.9036 -1.41696e-14
       3202.9800 -2.65813e-14
       3204.0563 -1.16208e-14
       3205.1327 -2.02741e-14
       3206.2091  1.37992e-15
       3207.2854 -7.51334e-15
       3208.3618  3.34401e-14
       3209.4382  2.70123e-14
       3210.5146  4.19414e-14
       3211.5909  3.89364e-14
       3212.6673  9.45748e-15
       3213.7437  5.41646e-14
       3214.8200  2.48497e-14
       3215.8964  1.91592e-14
       3216.9728  8.85984e-15
       3218.0492  8.90841e-15
       3219.1255  2.36226e-14
       3220.2019  9.52357e-15
       3221.2783  3.13033e-15
       3222.3546 -2.61842e-14
       3223.4310 -8.00263e-15
       3224.5074  6.98549e-16
       3225.5838 -6.36673e-15
       3226.6601  7.96486e-15
       3227.7365  1.73667e-14
       3228.8129  1.11169e-15
       3229.8892 -5.81185e-15
       3230.9656 -1.24844e-14
       3232.0420  1.18202e-15
       3233.1183  1.96849e-15
       3234.1947  8.50477e-16
       3235.2711  9.77802e-15
       3236.3475  3.83253e-15
       3237.4238 -9.64731e-16
       3238.5002  1.20643e-14
       3239.5766  7.35568e-15
       3240.6529 -2.00112e-14
       3241.7293 -2.47539e-14
       3242.8057  1.15110e-15
       3243.8821 -8.74481e-16
       3244.9584 -1.01664e-14
       3246.0348 -1.41220e-15
       3247.1112 -1.84309e-14
       3248.1875 -3.21686e-15
       3249.2639 -2.00073e-14
       3250.3403 -2.33013e-14
       3251.4167 -1.38709e-14
       3252.4930 -1.07902e-14
       3253.5694  9.72883e-15
       3254.6458  4.84312e-15
       3255.7221  6.04235e-15
       3256.7985  6.78447e-15
       3257.8749  2.89440e-14
       3258.9512  2.35963e-14
       3260.0276  9.77589e-15
       3261.1040  4.70657e-15
       3262.1804  1.40780e-14
       3263.2567  1.34038e-14
       3264.3331  1.71353e-14
       3265.4095  1.94314e-14
       3266.4858  1.98702e-14
       3267.5622  1.75498e-14
       3268.6386  2.42431e-14
       3269.7150  1.23350e-14
       3270.7913  5.51990e-15
       3271.8677  1.87119e-14
       3272.9441  1.32133e-14
       3274.0204  5.14187e-15
       3275.0968 -1.90108e-16
       3276.1732  1.48972e-14
       3277.2496  6.89350e-15
       3278.3259  3.58380e-15
       3279.4023  7.50235e-15
       3280.4787  5.46467e-15
       3281.5550  1.09773e-14
       3282.6314  6.96472e-15
       3283.7078  1.82588e-14
       3284.7841  2.44630e-14
       3285.8605  1.70901e-14
       3286.9369  2.37439e-14
       3288.0133  2.59707e-14
       3289.0896  9.54193e-15
       3290.1660  1.53803e-14
       3291.2424  2.39342e-14
       3292.3187  2.62582e-14
       3293.3951  3.72222e-14
       3294.4715  2.94687e-14
       3295.5479  2.74295e-14
       3296.6242  2.86167e-14
       3297.7006  3.24560e-14
       3298.7770  2.03067e-14
       3299.8533  3.16078e-14
       3300.9297  2.02372e-14
       3302.0061  2.27373e-14
       3303.0825  2.16977e-14
       3304.1588  1.56369e-14
       3305.2352  1.60711e-14
       3306.3116  1.80907e-14
       3307.3879  1.36699e-14
       3308.4643  7.02069e-15
       3309.5407  1.51135e-14
       3310.6170  1.42838e-14
       3311.6934  1.16891e-14
       3312.7698  1.04407e-14
       3313.8462  1.49721e-14
       3314.9225  1.50478e-14
       3315.9989  2.13733e-14
       3317.0753  3.18039e-14
       3318.1516  2.83507e-14
       3319.2280  1.90651e-14
       3320.3044  2.49215e-14
       3321.3808  2.49012e-14
       3322.4571  1.04777e-14
       3323.5335  2.45750e-14
       3324.6099  1.84250e-14
       3325.6862  1.99858e-14
       3326.7626  1.27973e-14
       3327.8390  1.16079e-14
       3328.9154  1.58114e-14
       3329.9917  2.15099e-14
       3331.0681  2.10945e-14
       3332.1445  5.64931e-15
       3333.2208  8.25040e-15
       3334.2972  1.67930e-14
       3335.3736  1.32310e-14
       3336.4499  6.81665e-15
       3337.5263  1.01627e-14
       3338.6027  9.13944e-15
       3339.6791  1.47152e-14
       3340.7554  1.87295e-14
       3341.8318  1.08531e-14
       3342.9082  2.40566e-14
       3343.9845  7.82229e-15
       3345.0609  1.39428e-14
       3346.1373  3.33020e-15
       3347.2137  3.54154e-15
       3348.2900  1.13876e-14
       3349.3664  4.50116e-15
       3350.4428  6.59529e-15
       3351.5191  8.69367e-15
       3352.5955  9.75159e-15
       3353.6719  5.29535e-15
       3354.7483  8.61285e-15
       3355.8246  6.45089e-15
       3356.9010  9.46709e-15
       3357.9774  2.69073e-15
       3359.0537  6.31264e-15
       3360.1301  7.72180e-15
       3361.2065  7.18514e-15
       3362.2828  1.14309e-14
       3363.3592  3.71229e-16
       3364.4356  5.97476e-15
       3365.5120  1.03625e-14
       3366.5883  1.55561e-14
       3367.6647  2.56897e-14
       3368.7411  2.48321e-14
       3369.8174  3.11155e-14
       3370.8938  3.63955e-14
       3371.9702  3.92568e-14
       3373.0466  3.13538e-14
       3374.1229  2.45533e-14
       3375.1993  2.56984e-14
       3376.2757  2.47767e-14
       3377.3520  1.72872e-14
       3378.4284  2.46981e-14
       3379.5048  1.81950e-14
       3380.5812  1.97906e-14
       3381.6575  1.68709e-14
       3382.7339  1.56842e-14
       3383.8103  1.79751e-14
       3384.8866  1.16484e-14
       3385.9630  1.27681e-14
       3387.0394  8.37802e-15
       3388.1157  1.48524e-14
       3389.1921  1.46517e-14
       3390.2685  1.72496e-14
       3391.3449  9.74011e-15
       3392.4212  1.31272e-14
       3393.4976  1.10557e-14
       3394.5740  1.26498e-14
       3395.6503  9.78861e-15
       3396.7267  1.44333e-14
       3397.8031  1.10366e-14
       3398.8795  1.23772e-14
       3399.9558  1.51490e-14
       3401.0322  1.51672e-14
       3402.1086  1.33501e-14
       3403.1849  7.38364e-15
       3404.2613  8.23123e-15
       3405.3377  1.15715e-14
       3406.4141  1.08331e-14
       3407.4904  1.18062e-14
       3408.5668  6.88490e-15
       3409.6432  8.94300e-15
       3410.7195  1.55904e-14
       3411.7959  1.20825e-14
       3412.8723  6.94599e-15
       3413.9486  7.85538e-15
       3415.0250  7.66697e-15
       3416.1014  1.34411e-14
       3417.1778  1.00837e-14
       3418.2541  1.04477e-14
       3419.3305  1.00012e-14
       3420.4069  1.26274e-14
       3421.4832  1.52594e-14
       3422.5596  1.28820e-14
       3423.6360  6.55916e-15
       3424.7124  1.22062e-14
       3425.7887  1.29201e-14
       3426.8651  1.21247e-14
       3427.9415  1.21072e-14
       3429.0178  1.62895e-14
       3430.0942  1.17767e-14
       3431.1706  1.81324e-14
       3432.2470  1.15135e-14
       3433.3233  1.31971e-14
       3434.3997  1.30229e-14
       3435.4761  1.75714e-14
       3436.5524  1.26970e-14
       3437.6288  1.71787e-14
       3438.7052  8.80878e-15
       3439.7815  1.41363e-14
       3440.8579  1.29778e-14
       3441.9343  1.08765e-14
       3443.0107  6.03113e-15
       3444.0870  3.92757e-15
       3445.1634  8.56812e-15
       3446.2398  8.75193e-15
       3447.3161  1.34182e-14
       3448.3925  1.44997e-14
       3449.4689  1.26331e-14
       3450.5453  1.88705e-14
       3451.6216  1.49992e-14
       3452.6980  1.98721e-14
       3453.7744  1.85225e-14
       3454.8507  1.53884e-14
       3455.9271  1.44124e-14
       3457.0035  1.54732e-14
       3458.0799  1.57496e-14
       3459.1562  1.95898e-14
       3460.2326  1.52084e-14
       3461.3090  1.32090e-14
       3462.3853  1.53261e-14
       3463.4617  1.53293e-14
       3464.5381  1.31174e-14
       3465.6144  1.00260e-14
       3466.6908  1.11466e-14
       3467.7672  1.06882e-14
       3468.8436  1.18129e-14
       3469.9199  1.20489e-14
       3470.9963  1.36282e-14
       3472.0727  8.82636e-15
       3473.1490  9.38571e-15
       3474.2254  1.33735e-14
       3475.3018  1.29411e-14
       3476.3782  7.71069e-15
       3477.4545  1.45164e-14
       3478.5309  2.18460e-14
       3479.6073  1.92742e-14
       3480.6836  2.19150e-14
       3481.7600  2.21394e-14
       3482.8364  2.50113e-14
       3483.9128  2.45601e-14
       3484.9891  2.31620e-14
       3486.0655  1.87303e-14
       3487.1419  2.19315e-14
       3488.2182  1.68479e-14
       3489.2946  1.68253e-14
       3490.3710  1.63423e-14
       3491.4473  1.90384e-14
       3492.5237  1.52495e-14
       3493.6001  1.34829e-14
       3494.6765  1.79017e-14
       3495.7528  1.30719e-14
       3496.8292  1.25852e-14
       3497.9056  1.33820e-14
       3498.9819  8.90572e-15
       3500.0583  9.03404e-15
       3501.1347  1.12435e-14
       3502.2111  1.01745e-14
       3503.2874  1.09997e-14
       3504.3638  1.32564e-14
       3505.4402  9.71951e-15
       3506.5165  1.12670e-14
       3507.5929  9.84192e-15
       3508.6693  1.06716e-14
       3509.7457  1.66565e-14
       3510.8220  1.41459e-14
       3511.8984  1.06057e-14
       3512.9748  1.14796e-14
       3514.0511  1.23198e-14
       3515.1275  1.32883e-14
       3516.2039  1.62675e-14
       3517.2802  1.41885e-14
       3518.3566  1.24279e-14
       3519.4330  1.26606e-14
       3520.5094  1.04857e-14
       3521.5857  1.20555e-14
       3522.6621  1.25330e-14
       3523.7385  9.60192e-15
       3524.8148  1.01307e-14
       3525.8912  1.15508e-14
       3526.9676  1.15757e-14
       3528.0440  9.97963e-15
       3529.1203  8.42161e-15
       3530.1967  1.32116e-14
       3531.2731  1.16232e-14
       3532.3494  1.06475e-14
       3533.4258  1.02625e-14
       3534.5022  1.13197e-14
       3535.5786  1.50019e-14
       3536.6549  1.04404e-14
       3537.7313  1.14585e-14
       3538.8077  1.82087e-14
       3539.8840  1.97660e-14
       3540.9604  2.07712e-14
       3542.0368  2.32860e-14
       3543.1131  2.65856e-14
       3544.1895  2.58166e-14
       3545.2659  2.66815e-14
       3546.3423  2.43723e-14
       3547.4186  2.10354e-14
       3548.4950  2.34468e-14
       3549.5714  2.19644e-14
       3550.6477  2.00856e-14
       3551.7241  2.08637e-14
       3552.8005  1.95029e-14
       3553.8769  2.26878e-14
       3554.9532  2.26619e-14
       3556.0296  2.16419e-14
       3557.1060  2.04821e-14
       3558.1823  2.07786e-14
       3559.2587  1.80172e-14
       3560.3351  1.73047e-14
       3561.4115  1.75707e-14
       3562.4878  1.63515e-14
       3563.5642  1.73138e-14
       3564.6406  1.24886e-14
       3565.7169  1.50809e-14
       3566.7933  1.48463e-14
       3567.8697  1.35141e-14
       3568.9460  1.12831e-14
       3570.0224  1.42786e-14
       3571.0988  1.39822e-14
       3572.1752  1.50196e-14
       3573.2515  1.20690e-14
       3574.3279  1.23429e-14
       3575.4043  1.68516e-14
       3576.4806  1.18554e-14
       3577.5570  1.45154e-14
       3578.6334  9.79789e-15
       3579.7098  1.07069e-14
       3580.7861  1.21465e-14
       3581.8625  1.39118e-14
       3582.9389  1.19440e-14
       3584.0152  8.11348e-15
       3585.0916  8.03851e-15
       3586.1680  8.89391e-15
       3587.2444  7.17555e-15
       3588.3207  7.47112e-15
       3589.3971  1.30860e-14
       3590.4735  1.45100e-14
       3591.5498  1.11700e-14
       3592.6262  1.36602e-14
       3593.7026  1.15975e-14
       3594.7789  1.37463e-14
       3595.8553  1.09603e-14
       3596.9317  1.22861e-14
       3598.0081  1.12900e-14
       3599.0844  1.12364e-14
       3600.1608  1.18002e-14
       3601.2372  1.14574e-14
       3602.3135  1.17193e-14
       3603.3899  1.13386e-14
       3604.4663  8.53298e-15
       3605.5427  1.04698e-14
       3606.6190  8.66905e-15
       3607.6954  1.04793e-14
       3608.7718  6.94941e-15
       3609.8481  1.03006e-14
       3610.9245  8.39772e-15
       3612.0009  1.24160e-14
       3613.0773  1.63803e-14
       3614.1536  1.65796e-14
       3615.2300  1.80261e-14
       3616.3064  1.70057e-14
       3617.3827  1.66731e-14
       3618.4591  1.67354e-14
       3619.5355  1.57539e-14
       3620.6118  1.54685e-14
       3621.6882  1.70758e-14
       3622.7646  1.57412e-14
       3623.8410  1.48014e-14
       3624.9173  1.57417e-14
       3625.9937  1.49082e-14
       3627.0701  1.46204e-14
       3628.1464  1.67476e-14
       3629.2228  1.76923e-14
       3630.2992  1.79732e-14
       3631.3756  1.83532e-14
       3632.4519  1.84366e-14
       3633.5283  1.86813e-14
       3634.6047  1.86089e-14
       3635.6810  1.65446e-14
       3636.7574  1.57221e-14
       3637.8338  1.75882e-14
       3638.9102  1.74264e-14
       3639.9865  1.82705e-14
       3641.0629  2.03964e-14
       3642.1393  2.27641e-14
       3643.2156  1.92755e-14
       3644.2920  2.21291e-14
       3645.3684  2.22987e-14
       3646.4447  2.20764e-14
       3647.5211  3.88992e-14
       3648.5975  6.44333e-14
       3649.6739  7.56451e-14
       3650.7502  6.59676e-14
       3651.8266  5.66656e-14
       3652.9030  5.59677e-14
       3653.9793  5.10883e-14
       3655.0557  4.31703e-14
       3656.1321  3.48246e-14
       3657.2085  3.03515e-14
       3658.2848  2.53461e-14
       3659.3612  2.29153e-14
       3660.4376  2.58212e-14
       3661.5139  3.51850e-14
       3662.5903  4.17674e-14
       3663.6667  3.70916e-14
       3664.7431  3.17712e-14
       3665.8194  2.59552e-14
       3666.8958  1.78907e-14
       3667.9722  1.63168e-14
       3669.0485  1.61542e-14
       3670.1249  1.55022e-14
       3671.2013  1.45021e-14
       3672.2776  1.40267e-14
       3673.3540  1.30673e-14
       3674.4304  1.27252e-14
       3675.5068  1.34902e-14
       3676.5831  1.03041e-14
       3677.6595  1.37876e-14
       3678.7359  1.26494e-14
       3679.8122  1.17359e-14
       3680.8886  1.23425e-14
       3681.9650  1.12081e-14
       3683.0414  1.07515e-14
       3684.1177  1.23550e-14
       3685.1941  1.31300e-14
       3686.2705  8.34786e-15
       3687.3468  1.16044e-14
       3688.4232  1.29725e-14
       3689.4996  1.23649e-14
       3690.5760  1.42310e-14
       3691.6523  1.55494e-14
       3692.7287  1.44503e-14
       3693.8051  1.22895e-14
       3694.8814  1.25526e-14
       3695.9578  1.44287e-14
       3697.0342  1.60136e-14
       3698.1105  1.72266e-14
       3699.1869  1.63660e-14
       3700.2633  1.69841e-14
       3701.3397  1.74028e-14
       3702.4160  1.43903e-14
       3703.4924  1.58441e-14
       3704.5688  1.43168e-14
       3705.6451  1.39025e-14
       3706.7215  1.24238e-14
       3707.7979  1.34503e-14
       3708.8743  1.28040e-14
       3709.9506  1.29931e-14
       3711.0270  1.12045e-14
       3712.1034  1.14974e-14
       3713.1797  1.41160e-14
       3714.2561  1.45172e-14
       3715.3325  1.08802e-14
       3716.4089  1.06574e-14
       3717.4852  1.17428e-14
       3718.5616  1.04996e-14
       3719.6380  1.16321e-14
       3720.7143  1.14735e-14
       3721.7907  8.28901e-15
       3722.8671  1.13304e-14
       3723.9434  1.07206e-14
       3725.0198  9.89681e-15
       3726.0962  1.26438e-14
       3727.1726  1.45958e-14
       3728.2489  1.44535e-14
       3729.3253  1.47149e-14
       3730.4017  1.68691e-14
       3731.4780  1.45586e-14
       3732.5544  1.50453e-14
       3733.6308  1.60288e-14
       3734.7072  1.39268e-14
       3735.7835  1.23162e-14
       3736.8599  1.69319e-14
       3737.9363  2.02436e-14
       3739.0126  1.83263e-14
       3740.0890  1.85743e-14
       3741.1654  2.02213e-14
       3742.2418  1.66506e-14
       3743.3181  1.49782e-14
       3744.3945  1.39351e-14
       3745.4709  1.50631e-14
       3746.5472  1.47893e-14
       3747.6236  1.62492e-14
       3748.7000  1.36620e-14
       3749.7763  1.71348e-14
       3750.8527  1.57233e-14
       3751.9291  1.59162e-14
       3753.0055  1.39406e-14
       3754.0818  1.25382e-14
       3755.1582  1.56648e-14
       3756.2346  1.43826e-14
       3757.3109  1.39481e-14
       3758.3873  1.47885e-14
       3759.4637  1.34845e-14
       3760.5401  1.27592e-14
       3761.6164  1.14512e-14
       3762.6928  1.24089e-14
       3763.7692  1.11130e-14
       3764.8455  1.58308e-14
       3765.9219  1.08722e-14
       3766.9983  1.16732e-14
       3768.0747  9.96931e-15
       3769.1510  1.39676e-14
       3770.2274  1.44129e-14
       3771.3038  1.22282e-14
       3772.3801  1.36539e-14
       3773.4565  1.54471e-14
       3774.5329  1.43265e-14
       3775.6092  1.42516e-14
       3776.6856  1.42606e-14
       3777.7620  1.17261e-14
       3778.8384  1.35923e-14
       3779.9147  1.26781e-14
       3780.9911  1.07374e-14
       3782.0675  1.24538e-14
       3783.1438  1.45245e-14
       3784.2202  1.18016e-14
       3785.2966  1.10862e-14
       3786.3730  1.20653e-14
       3787.4493  1.19770e-14
       3788.5257  1.55736e-14
       3789.6021  1.44990e-14
       3790.6784  1.43564e-14
       3791.7548  1.60104e-14
       3792.8312  1.41525e-14
       3793.9076  1.32153e-14
       3794.9839  1.23661e-14
       3796.0603  1.29286e-14
       3797.1367  1.30647e-14
       3798.2130  1.14970e-14
       3799.2894  1.24673e-14
       3800.3658  1.15105e-14
       3801.4421  1.21883e-14
       3802.5185  1.28708e-14
       3803.5949  1.25122e-14
       3804.6713  1.12348e-14
       3805.7476  1.12288e-14
       3806.8240  1.00900e-14
       3807.9004  9.29934e-15
       3808.9767  1.11899e-14
       3810.0531  1.17384e-14
       3811.1295  1.14280e-14
       3812.2059  1.23825e-14
       3813.2822  1.40102e-14
       3814.3586  1.41019e-14
       3815.4350  1.48740e-14
       3816.5113  1.46438e-14
       3817.5877  1.26907e-14
       3818.6641  1.30070e-14
       3819.7405  1.36737e-14
       3820.8168  1.22957e-14
       3821.8932  1.29895e-14
       3822.9696  1.16307e-14
       3824.0459  1.12593e-14
       3825.1223  1.17738e-14
       3826.1987  9.52280e-15
       3827.2751  1.35708e-14
       3828.3514  1.86503e-14
       3829.4278  1.82294e-14
       3830.5042  1.94231e-14
       3831.5805  1.65840e-14
       3832.6569  1.73002e-14
       3833.7333  1.80169e-14
       3834.8096  1.53152e-14
       3835.8860  1.62541e-14
       3836.9624  1.60295e-14
       3838.0388  1.47161e-14
       3839.1151  1.42648e-14
       3840.1915  1.59893e-14
       3841.2679  1.46248e-14
       3842.3442  1.58319e-14
       3843.4206  1.44918e-14
       3844.4970  1.46698e-14
       3845.5734  1.41931e-14
       3846.6497  1.28879e-14
       3847.7261  1.18391e-14
       3848.8025  1.18153e-14
       3849.8788  1.14328e-14
       3850.9552  1.26703e-14
       3852.0316  1.21853e-14
       3853.1080  1.37357e-14
       3854.1843  1.15550e-14
       3855.2607  1.05449e-14
       3856.3371  1.09139e-14
       3857.4134  1.02573e-14
       3858.4898  8.85061e-15
       3859.5662  1.02662e-14
       3860.6425  1.22501e-14
       3861.7189  1.23172e-14
       3862.7953  1.15676e-14
       3863.8717  1.16481e-14
       3864.9480  1.24967e-14
       3866.0244  1.17500e-14
       3867.1008  1.06904e-14
       3868.1771  1.05791e-14
       3869.2535  1.09633e-14
       3870.3299  1.05884e-14
       3871.4063  9.82421e-15
       3872.4826  1.13328e-14
       3873.5590  1.38361e-14
       3874.6354  1.50576e-14
       3875.7117  1.24676e-14
       3876.7881  1.17782e-14
       3877.8645  1.02492e-14
       3878.9409  1.16612e-14
       3880.0172  1.11808e-14
       3881.0936  7.88046e-15
       3882.1700  9.28731e-15
       3883.2463  1.00508e-14
       3884.3227  9.11702e-15
       3885.3991  9.04624e-15
       3886.4754  8.81724e-15
       3887.5518  9.33945e-15
       3888.6282  1.01638e-14
       3889.7046  1.07018e-14
       3890.7809  8.57076e-15
       3891.8573  9.15128e-15
       3892.9337  1.08609e-14
       3894.0100  1.07521e-14
       3895.0864  1.12998e-14
       3896.1628  1.13365e-14
       3897.2392  1.20717e-14
       3898.3155  1.25297e-14
       3899.3919  1.15644e-14
       3900.4683  1.29588e-14
       3901.5446  1.25516e-14
       3902.6210  1.22288e-14
       3903.6974  1.38785e-14
       3904.7738  1.82971e-14
       3905.8501  2.18795e-14
       3906.9265  2.43404e-14
       3908.0029  2.50696e-14
       3909.0792  2.33547e-14
       3910.1556  2.45727e-14
       3911.2320  2.45965e-14
       3912.3083  2.24894e-14
       3913.3847  1.95898e-14
       3914.4611  1.66284e-14
       3915.5375  1.48675e-14
       3916.6138  1.48708e-14
       3917.6902  1.61180e-14
       3918.7666  1.52719e-14
       3919.8429  1.34436e-14
       3920.9193  1.33809e-14
       3921.9957  1.26789e-14
       3923.0721  1.28355e-14
       3924.1484  1.42352e-14
       3925.2248  1.38772e-14
       3926.3012  1.13965e-14
       3927.3775  1.19625e-14
       3928.4539  1.27063e-14
       3929.5303  1.23331e-14
       3930.6067  1.35521e-14
       3931.6830  1.45733e-14
       3932.7594  1.53590e-14
       3933.8358  1.73253e-14
       3934.9121  1.44921e-14
       3935.9885  1.21387e-14
       3937.0649  1.29988e-14
       3938.1412  1.41782e-14
       3939.2176  1.42261e-14
       3940.2940  1.46415e-14
       3941.3704  1.60318e-14
       3942.4467  1.70291e-14
       3943.5231  1.64655e-14
       3944.5995  1.66038e-14
       3945.6758  1.70897e-14
       3946.7522  1.69659e-14
       3947.8286  1.55056e-14
       3948.9050  1.43653e-14
       3949.9813  1.33471e-14
       3951.0577  1.35049e-14
       3952.1341  1.15609e-14
       3953.2104  1.29048e-14
       3954.2868  1.46030e-14
       3955.3632  1.18955e-14
       3956.4396  1.03745e-14
       3957.5159  1.35537e-14
       3958.5923  1.40117e-14
       3959.6687  1.47031e-14
       3960.7450  1.73454e-14
       3961.8214  1.75539e-14
       3962.8978  1.42320e-14
       3963.9741  1.19380e-14
       3965.0505  1.09302e-14
       3966.1269  1.06114e-14
       3967.2033  1.02892e-14
       3968.2796  1.22554e-14
       3969.3560  1.24974e-14
       3970.4324  1.03218e-14
       3971.5087  1.13927e-14
       3972.5851  1.30969e-14
       3973.6615  1.33771e-14
       3974.7379  1.29362e-14
       3975.8142  1.31824e-14
       3976.8906  1.34672e-14
       3977.9670  1.16472e-14
       3979.0433  1.18533e-14
       3980.1197  1.07495e-14
       3981.1961  1.15019e-14
       3982.2725  1.26610e-14
       3983.3488  1.28790e-14
       3984.4252  1.35144e-14
       3985.5016  1.22431e-14
       3986.5779  1.22524e-14
       3987.6543  1.36579e-14
       3988.7307  1.23505e-14
       3989.8070  1.23213e-14
       3990.8834  1.17903e-14
       3991.9598  1.19436e-14
       3993.0362  1.32420e-14
       3994.1125  1.32475e-14
       3995.1889  1.49984e-14
       3996.2653  1.51426e-14
       3997.3416  1.58813e-14
       3998.4180  1.57406e-14
       3999.4944  1.25478e-14
       4000.5708  1.34139e-14
       4001.6471  1.20861e-14
       4002.7235  1.28741e-14
       4003.7999  1.38846e-14
       4004.8762  1.17241e-14
       4005.9526  1.31638e-14
       4007.0290  1.48319e-14
       4008.1054  1.61968e-14
       4009.1817  1.62707e-14
       4010.2581  1.49895e-14
       4011.3345  1.60953e-14
       4012.4108  1.51054e-14
       4013.4872  1.47528e-14
       4014.5636  1.42964e-14
       4015.6399  1.40024e-14
       4016.7163  1.52530e-14
       4017.7927  1.85054e-14
       4018.8691  2.06170e-14
       4019.9454  2.32472e-14
       4021.0218  2.49883e-14
       4022.0982  2.61788e-14
       4023.1745  2.60028e-14
       4024.2509  2.52801e-14
       4025.3273  2.25523e-14
       4026.4037  1.96798e-14
       4027.4800  1.76133e-14
       4028.5564  1.78444e-14
       4029.6328  1.83451e-14
       4030.7091  1.68487e-14
       4031.7855  1.79520e-14
       4032.8619  1.84073e-14
       4033.9383  1.83442e-14
       4035.0146  1.63979e-14
       4036.0910  1.70946e-14
       4037.1674  1.65291e-14
       4038.2437  1.65136e-14
       4039.3201  1.56349e-14
       4040.3965  1.68072e-14
       4041.4728  1.95245e-14
       4042.5492  1.95194e-14
       4043.6256  4.08128e-14
       4044.7020  8.89161e-14
       4045.7783  1.13944e-13
       4046.8547  1.03775e-13
       4047.9311  7.58562e-14
       4049.0074  4.97345e-14
       4050.0838  3.50293e-14
       4051.1602  2.40877e-14
       4052.2366  2.16675e-14
       4053.3129  2.31421e-14
       4054.3893  2.39826e-14
       4055.4657  2.25167e-14
       4056.5420  2.07954e-14
       4057.6184  1.97720e-14
       4058.6948  1.87387e-14
       4059.7712  1.82056e-14
       4060.8475  1.77052e-14
       4061.9239  1.73403e-14
       4063.0003  1.88637e-14
       4064.0766  1.82060e-14
       4065.1530  1.89643e-14
       4066.2294  1.74485e-14
       4067.3057  1.79326e-14
       4068.3821  1.82068e-14
       4069.4585  1.76979e-14
       4070.5349  1.69083e-14
       4071.6112  1.72862e-14
       4072.6876  1.70026e-14
       4073.7640  1.73843e-14
       4074.8403  2.01408e-14
       4075.9167  2.66938e-14
       4076.9931  3.48107e-14
       4078.0695  3.34698e-14
       4079.1458  2.94863e-14
       4080.2222  2.55517e-14
       4081.2986  2.27263e-14
       4082.3749  2.30562e-14
       4083.4513  1.86148e-14
       4084.5277  2.08230e-14
       4085.6041  2.11720e-14
       4086.6804  2.00635e-14
       4087.7568  1.91568e-14
       4088.8332  1.69142e-14
       4089.9095  1.53463e-14
       4090.9859  1.33935e-14
       4092.0623  1.52136e-14
       4093.1386  1.36498e-14
       4094.2150  1.44440e-14
       4095.2914  1.33478e-14
       4096.3678  1.33271e-14
       4097.4441  1.58975e-14
       4098.5205  1.59135e-14
       4099.5969  1.39261e-14
       4100.6732  1.30257e-14
       4101.7496  1.43468e-14
       4102.8260  1.26287e-14
       4103.9024  1.41023e-14
       4104.9787  1.34301e-14
       4106.0551  1.33424e-14
       4107.1315  1.51913e-14
       4108.2078  1.48033e-14
       4109.2842  1.38710e-14
       4110.3606  1.46856e-14
       4111.4370  1.44099e-14
       4112.5133  1.46343e-14
       4113.5897  1.27204e-14
       4114.6661  1.36545e-14
       4115.7424  1.56581e-14
       4116.8188  1.41010e-14
       4117.8952  1.21884e-14
       4118.9715  1.20796e-14
       4120.0479  1.27001e-14
       4121.1243  1.31621e-14
       4122.2007  1.42330e-14
       4123.2770  1.33305e-14
       4124.3534  1.44029e-14
       4125.4298  1.30870e-14
       4126.5061  1.45483e-14
       4127.5825  1.39055e-14
       4128.6589  1.48969e-14
       4129.7353  1.47653e-14
       4130.8116  1.59712e-14
       4131.8880  1.74555e-14
       4132.9644  1.65570e-14
       4134.0407  1.65599e-14
       4135.1171  1.66720e-14
       4136.1935  1.57188e-14
       4137.2699  1.42866e-14
       4138.3462  1.72333e-14
       4139.4226  1.79960e-14
       4140.4990  1.73673e-14
       4141.5753  1.59392e-14
       4142.6517  1.27949e-14
       4143.7281  1.43075e-14
       4144.8044  1.53729e-14
       4145.8808  1.46585e-14
       4146.9572  1.59003e-14
       4148.0336  1.46685e-14
       4149.1099  1.43971e-14
       4150.1863  1.63235e-14
       4151.2627  1.79108e-14
       4152.3390  1.99226e-14
       4153.4154  1.83283e-14
       4154.4918  1.67273e-14
       4155.5682  1.61920e-14
       4156.6445  1.54376e-14
       4157.7209  1.52779e-14
       4158.7973  1.47188e-14
       4159.8736  1.57161e-14
       4160.9500  1.71599e-14
       4162.0264  1.62248e-14
       4163.1028  1.99209e-14
       4164.1791  2.20851e-14
       4165.2555  2.11056e-14
       4166.3319  1.93565e-14
       4167.4082  1.82433e-14
       4168.4846  1.70622e-14
       4169.5610  1.44316e-14
       4170.6373  1.60688e-14
       4171.7137  1.71323e-14
       4172.7901  1.59714e-14
       4173.8665  1.36558e-14
       4174.9428  1.56155e-14
       4176.0192  1.72960e-14
       4177.0956  1.51246e-14
       4178.1719  1.59374e-14
       4179.2483  1.60956e-14
       4180.3247  1.41906e-14
       4181.4011  1.38799e-14
       4182.4774  1.34722e-14
       4183.5538  1.29689e-14
       4184.6302  1.36438e-14
       4185.7065  1.42979e-14
       4186.7829  1.41937e-14
       4187.8593  1.48990e-14
       4188.9357  1.46488e-14
       4190.0120  1.51561e-14
       4191.0884  1.45472e-14
       4192.1648  1.44453e-14
       4193.2411  1.28741e-14
       4194.3175  1.24539e-14
       4195.3939  1.35397e-14
       4196.4702  1.28926e-14
       4197.5466  1.25161e-14
       4198.6230  1.30965e-14
       4199.6994  1.23358e-14
       4200.7757  1.22294e-14
       4201.8521  1.29644e-14
       4202.9285  1.39076e-14
       4204.0048  1.41126e-14
       4205.0812  1.28344e-14
       4206.1576  1.18433e-14
       4207.2340  1.34394e-14
       4208.3103  1.52856e-14
       4209.3867  1.45383e-14
       4210.4631  1.43411e-14
       4211.5394  1.45782e-14
       4212.6158  1.40378e-14
       4213.6922  1.40011e-14
       4214.7686  1.35106e-14
       4215.8449  1.32006e-14
       4216.9213  1.22223e-14
       4217.9977  1.33464e-14
       4219.0740  1.43127e-14
       4220.1504  1.24606e-14
       4221.2268  1.25206e-14
       4222.3031  1.38108e-14
       4223.3795  1.32266e-14
       4224.4559  1.27227e-14
       4225.5323  1.40348e-14
       4226.6086  1.39718e-14
       4227.6850  1.28696e-14
       4228.7614  1.41555e-14
       4229.8377  1.44309e-14
       4230.9141  1.51679e-14
       4231.9905  1.59627e-14
       4233.0669  1.51037e-14
       4234.1432  1.41129e-14
       4235.2196  1.40871e-14
       4236.2960  1.43982e-14
       4237.3723  1.63078e-14
       4238.4487  1.64910e-14
       4239.5251  1.51987e-14
       4240.6015  1.36873e-14
       4241.6778  1.30690e-14
       4242.7542  1.36872e-14
       4243.8306  1.60813e-14
       4244.9069  1.98433e-14
       4245.9833  2.56287e-14
       4247.0597  2.43059e-14
       4248.1360  2.01784e-14
       4249.2124  1.78634e-14
       4250.2888  1.48069e-14
       4251.3652  1.46907e-14
       4252.4415  1.45008e-14
       4253.5179  1.42100e-14
       4254.5943  1.33931e-14
       4255.6706  1.32527e-14
       4256.7470  1.51968e-14
       4257.8234  1.43974e-14
       4258.8998  1.28736e-14
       4259.9761  1.48909e-14
       4261.0525  1.36268e-14
       4262.1289  1.42740e-14
       4263.2052  1.27700e-14
       4264.2816  1.31480e-14
       4265.3580  1.29154e-14
       4266.4344  1.26447e-14
       4267.5107  1.32131e-14
       4268.5871  1.24901e-14
       4269.6635  1.39459e-14
       4270.7398  1.28031e-14
       4271.8162  1.42174e-14
       4272.8926  1.31115e-14
       4273.9689  1.34810e-14
       4275.0453  1.32179e-14
       4276.1217  1.39519e-14
       4277.1981  1.33980e-14
       4278.2744  1.31701e-14
       4279.3508  1.37705e-14
       4280.4272  1.26888e-14
       4281.5035  1.48679e-14
       4282.5799  1.45361e-14
       4283.6563  1.53215e-14
       4284.7327  1.53186e-14
       4285.8090  1.35363e-14
       4286.8854  1.23635e-14
       4287.9618  1.32880e-14
       4289.0381  1.34106e-14
       4290.1145  1.38170e-14
       4291.1909  1.40683e-14
       4292.2673  1.41781e-14
       4293.3436  1.45823e-14
       4294.4200  1.36382e-14
       4295.4964  1.44992e-14
       4296.5727  1.41787e-14
       4297.6491  1.37592e-14
       4298.7255  1.45319e-14
       4299.8018  1.38763e-14
       4300.8782  1.32936e-14
       4301.9546  1.37058e-14
       4303.0310  1.47720e-14
       4304.1073  1.48087e-14
       4305.1837  1.38258e-14
       4306.2601  1.46903e-14
       4307.3364  1.64736e-14
       4308.4128  1.50722e-14
       4309.4892  1.75922e-14
       4310.5656  1.80342e-14
       4311.6419  1.92211e-14
       4312.7183  2.33759e-14
       4313.7947  2.57832e-14
       4314.8710  2.36608e-14
       4315.9474  1.87014e-14
       4317.0238  1.65127e-14
       4318.1002  1.83329e-14
       4319.1765  1.99143e-14
       4320.2529  1.98924e-14
       4321.3293  1.98259e-14
       4322.4056  1.83987e-14
       4323.4820  1.76530e-14
       4324.5584  1.97689e-14
       4325.6347  1.94133e-14
       4326.7111  1.65219e-14
       4327.7875  1.59587e-14
       4328.8639  1.53680e-14
       4329.9402  1.47927e-14
       4331.0166  1.50251e-14
       4332.0930  1.50336e-14
       4333.1693  1.46828e-14
       4334.2457  1.57987e-14
       4335.3221  1.57713e-14
       4336.3985  1.66582e-14
       4337.4748  1.76033e-14
       4338.5512  1.85238e-14
       4339.6276  1.89361e-14
       4340.7039  1.90418e-14
       4341.7803  1.92570e-14
       4342.8567  2.00479e-14
       4343.9331  2.04756e-14
       4345.0094  2.37599e-14
       4346.0858  2.58006e-14
       4347.1622  2.63259e-14
       4348.2385  2.64117e-14
       4349.3149  2.27025e-14
       4350.3913  2.11141e-14
       4351.4676  1.95491e-14
       4352.5440  1.99050e-14
       4353.6204  2.32584e-14
       4354.6968  3.73507e-14
       4355.7731  1.00072e-13
       4356.8495  1.55580e-13
       4357.9259  1.43047e-13
       4359.0022  1.07864e-13
       4360.0786  7.25545e-14
       4361.1550  4.74867e-14
       4362.2314  3.37110e-14
       4363.3077  2.64879e-14
       4364.3841  2.45517e-14
       4365.4605  2.38810e-14
       4366.5368  2.32215e-14
       4367.6132  2.08663e-14
       4368.6896  2.05750e-14
       4369.7660  2.11191e-14
       4370.8423  1.96326e-14
       4371.9187  2.16781e-14
       4372.9951  2.26813e-14
       4374.0714  2.47075e-14
       4375.1478  2.38296e-14
       4376.2242  1.92271e-14
       4377.3005  1.94428e-14
       4378.3769  1.71227e-14
       4379.4533  1.79262e-14
       4380.5297  1.59353e-14
       4381.6060  1.67248e-14
       4382.6824  1.61748e-14
       4383.7588  1.62049e-14
       4384.8351  1.66515e-14
       4385.9115  1.48443e-14
       4386.9879  1.52246e-14
       4388.0643  1.56605e-14
       4389.1406  1.58959e-14
       4390.2170  1.54055e-14
       4391.2934  1.57144e-14
       4392.3697  1.53413e-14
       4393.4461  1.43419e-14
       4394.5225  1.48596e-14
       4395.5989  1.60649e-14
       4396.6752  1.55891e-14
       4397.7516  1.49636e-14
       4398.8280  1.70003e-14
       4399.9043  1.90123e-14
       4400.9807  1.88937e-14
       4402.0571  1.74391e-14
       4403.1334  1.61333e-14
       4404.2098  1.39889e-14
       4405.2862  1.55502e-14
       4406.3626  1.69615e-14
       4407.4389  1.64983e-14
       4408.5153  1.70838e-14
       4409.5917  1.58894e-14
       4410.6680  1.64290e-14
       4411.7444  1.68879e-14
       4412.8208  1.61882e-14
       4413.8972  1.78036e-14
       4414.9735  1.92315e-14
       4416.0499  1.85355e-14
       4417.1263  1.61235e-14
       4418.2026  1.49096e-14
       4419.2790  1.54695e-14
       4420.3554  1.55599e-14
       4421.4318  1.56110e-14
       4422.5081  1.49937e-14
       4423.5845  1.49139e-14
       4424.6609  1.71773e-14
       4425.7372  1.57034e-14
       4426.8136  1.47903e-14
       4427.8900  1.50309e-14
       4428.9663  1.37930e-14
       4430.0427  1.50076e-14
       4431.1191  1.52513e-14
       4432.1955  1.51135e-14
       4433.2718  1.42343e-14
       4434.3482  1.48491e-14
       4435.4246  1.47054e-14
       4436.5009  1.45228e-14
       4437.5773  1.50289e-14
       4438.6537  1.44788e-14
       4439.7301  1.47127e-14
       4440.8064  1.29182e-14
       4441.8828  1.38569e-14
       4442.9592  1.45734e-14
       4444.0355  1.36323e-14
       4445.1119  1.43680e-14
       4446.1883  1.44881e-14
       4447.2647  1.47354e-14
       4448.3410  1.47803e-14
       4449.4174  1.43685e-14
       4450.4938  1.45126e-14
       4451.5701  1.42188e-14
       4452.6465  1.42421e-14
       4453.7229  1.31665e-14
       4454.7992  1.42007e-14
       4455.8756  1.56888e-14
       4456.9520  1.49907e-14
       4458.0284  1.49828e-14
       4459.1047  1.36961e-14
       4460.1811  1.46821e-14
       4461.2575  1.43401e-14
       4462.3338  1.37475e-14
       4463.4102  1.41818e-14
       4464.4866  1.46686e-14
       4465.5630  1.48516e-14
       4466.6393  1.38108e-14
       4467.7157  1.41098e-14
       4468.7921  1.32998e-14
       4469.8684  1.34393e-14
       4470.9448  1.33489e-14
       4472.0212  1.38576e-14
       4473.0976  1.40293e-14
       4474.1739  1.43039e-14
       4475.2503  1.44452e-14
       4476.3267  1.33823e-14
       4477.4030  1.33644e-14
       4478.4794  1.41271e-14
       4479.5558  1.36891e-14
       4480.6321  1.50821e-14
       4481.7085  1.52369e-14
       4482.7849  1.70020e-14
       4483.8613  1.58695e-14
       4484.9376  1.57501e-14
       4486.0140  1.53369e-14
       4487.0904  1.56222e-14
       4488.1667  1.57507e-14
       4489.2431  1.36735e-14
       4490.3195  1.44896e-14
       4491.3959  1.64101e-14
       4492.4722  1.59517e-14
       4493.5486  1.57225e-14
       4494.6250  1.60589e-14
       4495.7013  1.41936e-14
       4496.7777  1.40579e-14
       4497.8541  1.66970e-14
       4498.9305  1.48263e-14
       4500.0068  1.46907e-14
       4501.0832  1.52128e-14
       4502.1596  1.56470e-14
       4503.2359  1.42952e-14
       4504.3123  1.40895e-14
       4505.3887  1.49702e-14
       4506.4650  1.35758e-14
       4507.5414  1.46705e-14
       4508.6178  1.47487e-14
       4509.6942  1.36748e-14
       4510.7705  1.37091e-14
       4511.8469  1.35232e-14
       4512.9233  1.43987e-14
       4513.9996  1.30248e-14
       4515.0760  1.36870e-14
       4516.1524  1.35654e-14
       4517.2288  1.29898e-14
       4518.3051  1.43043e-14
       4519.3815  1.35864e-14
       4520.4579  1.34607e-14
       4521.5342  1.33509e-14
       4522.6106  1.21953e-14
       4523.6870  1.33490e-14
       4524.7634  1.32167e-14
       4525.8397  1.35880e-14
       4526.9161  1.31674e-14
       4527.9925  1.38371e-14
       4529.0688  1.39579e-14
       4530.1452  1.38867e-14
       4531.2216  1.51200e-14
       4532.2979  1.40515e-14
       4533.3743  1.38534e-14
       4534.4507  1.42025e-14
       4535.5271  1.31379e-14
       4536.6034  1.43575e-14
       4537.6798  1.39989e-14
       4538.7562  1.30358e-14
       4539.8325  1.34084e-14
       4540.9089  1.34668e-14
       4541.9853  1.47562e-14
       4543.0617  1.48864e-14
       4544.1380  1.46772e-14
       4545.2144  1.54917e-14
       4546.2908  1.40224e-14
       4547.3671  1.32783e-14
       4548.4435  1.34026e-14
       4549.5199  1.31882e-14
       4550.5963  1.28932e-14
       4551.6726  1.29992e-14
       4552.7490  1.33548e-14
       4553.8254  1.26738e-14
       4554.9017  1.36435e-14
       4555.9781  1.38867e-14
       4557.0545  1.29328e-14
       4558.1308  1.40876e-14
       4559.2072  1.33977e-14
       4560.2836  1.23043e-14
       4561.3600  1.28448e-14
       4562.4363  1.30227e-14
       4563.5127  1.18371e-14
       4564.5891  1.21406e-14
       4565.6654  1.25130e-14
       4566.7418  1.28059e-14
       4567.8182  1.29233e-14
       4568.8946  1.25040e-14
       4569.9709  1.21757e-14
       4571.0473  1.27400e-14
       4572.1237  1.30372e-14
       4573.2000  1.28333e-14
       4574.2764  1.28544e-14
       4575.3528  1.25526e-14
       4576.4292  1.32839e-14
       4577.5055  1.37488e-14
       4578.5819  1.22635e-14
       4579.6583  1.29482e-14
       4580.7346  1.21130e-14
       4581.8110  1.20950e-14
       4582.8874  1.08611e-14
       4583.9637  1.20954e-14
       4585.0401  1.19773e-14
       4586.1165  1.24238e-14
       4587.1929  1.31887e-14
       4588.2692  1.18139e-14
       4589.3456  1.24220e-14
       4590.4220  1.25377e-14
       4591.4983  1.25730e-14
       4592.5747  1.28331e-14
       4593.6511  1.33404e-14
       4594.7275  1.31114e-14
       4595.8038  1.25002e-14
       4596.8802  1.23473e-14
       4597.9566  1.24462e-14
       4599.0329  1.23413e-14
       4600.1093  1.30705e-14
       4601.1857  1.20343e-14
       4602.2621  1.20360e-14
       4603.3384  1.20609e-14
       4604.4148  1.25048e-14
       4605.4912  1.15479e-14
       4606.5675  1.10194e-14
       4607.6439  1.26416e-14
       4608.7203  1.36448e-14
       4609.7966  1.30062e-14
       4610.8730  1.22196e-14
       4611.9494  1.17229e-14
       4613.0258  1.15547e-14
       4614.1021  1.24687e-14
       4615.1785  1.13624e-14
       4616.2549  1.17663e-14
       4617.3312  1.14508e-14
       4618.4076  1.06894e-14
       4619.4840  1.07752e-14
       4620.5604  1.29789e-14
       4621.6367  1.19253e-14
       4622.7131  1.14248e-14
       4623.7895  1.15045e-14
       4624.8658  1.09286e-14
       4625.9422  1.15505e-14
       4627.0186  1.21592e-14
       4628.0950  1.18264e-14
       4629.1713  1.15661e-14
       4630.2477  1.19184e-14
       4631.3241  1.14069e-14
       4632.4004  1.12503e-14
       4633.4768  1.15536e-14
       4634.5532  1.17678e-14
       4635.6295  1.18827e-14
       4636.7059  1.11524e-14
       4637.7823  1.10426e-14
       4638.8587  1.12877e-14
       4639.9350  1.17629e-14
       4641.0114  1.17801e-14
       4642.0878  1.08080e-14
       4643.1641  1.11598e-14
       4644.2405  1.14569e-14
       4645.3169  1.08499e-14
       4646.3933  1.17712e-14
       4647.4696  1.23105e-14
       4648.5460  1.22724e-14
       4649.6224  1.30281e-14
       4650.6987  1.20612e-14
       4651.7751  1.20661e-14
       4652.8515  1.25915e-14
       4653.9279  1.24750e-14
       4655.0042  1.27878e-14
       4656.0806  1.32875e-14
       4657.1570  1.37897e-14
       4658.2333  1.41162e-14
       4659.3097  1.32340e-14
       4660.3861  1.31211e-14
       4661.4624  1.49072e-14
       4662.5388  1.52115e-14
       4663.6152  1.63640e-14
       4664.6916  1.79570e-14
       4665.7679  1.52421e-14
       4666.8443  1.93750e-14
       4667.9207  1.96749e-14
       4668.9970  1.91319e-14
       4670.0734  1.91531e-14
       4671.1498  1.89189e-14
       4672.2262  1.89273e-14
       4673.3025  1.82231e-14
       4674.3789  1.68836e-14
       4675.4553  1.57541e-14
       4676.5316  1.59159e-14
       4677.6080  1.39970e-14
       4678.6844  1.42828e-14
       4679.7608  1.52621e-14
       4680.8371  1.53217e-14
       4681.9135  1.35605e-14
       4682.9899  1.31014e-14
       4684.0662  1.40606e-14
       4685.1426  1.35688e-14
       4686.2190  1.27902e-14
       4687.2953  1.31912e-14
       4688.3717  1.31032e-14
       4689.4481  1.36168e-14
       4690.5245  1.33400e-14
       4691.6008  1.26117e-14
       4692.6772  1.29986e-14
       4693.7536  1.22577e-14
       4694.8299  1.17478e-14
       4695.9063  1.22649e-14
       4696.9827  1.20657e-14
       4698.0591  1.18992e-14
       4699.1354  1.20397e-14
       4700.2118  1.20137e-14
       4701.2882  1.17696e-14
       4702.3645  1.28094e-14
       4703.4409  1.29218e-14
       4704.5173  1.29679e-14
       4705.5937  1.19434e-14
       4706.6700  1.42583e-14
       4707.7464  1.40380e-14
       4708.8228  1.45877e-14
       4709.8991  1.40994e-14
       4710.9755  1.29855e-14
       4712.0519  1.35542e-14
       4713.1282  1.27952e-14
       4714.2046  1.35809e-14
       4715.2810  1.28754e-14
       4716.3574  1.29044e-14
       4717.4337  1.26956e-14
       4718.5101  1.29128e-14
       4719.5865  1.30132e-14
       4720.6628  1.34226e-14
       4721.7392  1.23871e-14
       4722.8156  1.21219e-14
       4723.8920  1.23064e-14
       4724.9683  1.19944e-14
       4726.0447  1.26173e-14
       4727.1211  1.65607e-14
       4728.1974  1.88779e-14
       4729.2738  1.80816e-14
       4730.3502  1.52748e-14
       4731.4266  1.50093e-14
       4732.5029  1.75136e-14
       4733.5793  1.81745e-14
       4734.6557  1.77968e-14
       4735.7320  1.78156e-14
       4736.8084  1.94726e-14
       4737.8848  1.96434e-14
       4738.9611  1.95961e-14
       4740.0375  2.10080e-14
       4741.1139  2.17996e-14
       4742.1903  2.31574e-14
       4743.2666  2.09259e-14
       4744.3430  1.93064e-14
       4745.4194  1.65264e-14
       4746.4957  1.30131e-14
       4747.5721  1.42846e-14
       4748.6485  1.29718e-14
       4749.7249  1.35949e-14
       4750.8012  1.48538e-14
       4751.8776  1.67714e-14
       4752.9540  1.71494e-14
       4754.0303  1.42259e-14
       4755.1067  1.35011e-14
       4756.1831  1.17243e-14
       4757.2595  1.15242e-14
       4758.3358  1.14039e-14
       4759.4122  1.16586e-14
       4760.4886  1.01732e-14
       4761.5649  1.04296e-14
       4762.6413  1.03245e-14
       4763.7177  1.06069e-14
       4764.7940  9.79518e-15
       4765.8704  1.08140e-14
       4766.9468  1.06595e-14
       4768.0232  1.05315e-14
       4769.0995  9.93603e-15
       4770.1759  1.16615e-14
       4771.2523  9.32596e-15
       4772.3286  1.07557e-14
       4773.4050  1.07014e-14
       4774.4814  9.57426e-15
       4775.5578  1.17530e-14
       4776.6341  1.18911e-14
       4777.7105  1.25405e-14
       4778.7869  1.38804e-14
       4779.8632  1.26309e-14
       4780.9396  1.19856e-14
       4782.0160  1.09536e-14
       4783.0924  1.06464e-14
       4784.1687  1.10719e-14
       4785.2451  1.09863e-14
       4786.3215  1.01261e-14
       4787.3978  1.08842e-14
       4788.4742  1.16557e-14
       4789.5506  1.30390e-14
       4790.6269  1.26351e-14
       4791.7033  1.25792e-14
       4792.7797  1.09346e-14
       4793.8561  1.13444e-14
       4794.9324  1.14314e-14
       4796.0088  1.11449e-14
       4797.0852  9.99601e-15
       4798.1615  1.03710e-14
       4799.2379  1.14666e-14
       4800.3143  1.05091e-14
       4801.3907  1.12969e-14
       4802.4670  1.03172e-14
       4803.5434  1.08024e-14
       4804.6198  1.10378e-14
       4805.6961  1.05356e-14
       4806.7725  1.05487e-14
       4807.8489  1.13050e-14
       4808.9253  1.03722e-14
       4810.0016  1.16532e-14
       4811.0780  1.19757e-14
       4812.1544  1.15377e-14
       4813.2307  1.08115e-14
       4814.3071  1.29563e-14
       4815.3835  1.24628e-14
       4816.4598  1.16800e-14
       4817.5362  1.19229e-14
       4818.6126  1.24385e-14
       4819.6890  1.25228e-14
       4820.7653  1.22370e-14
       4821.8417  1.30697e-14
       4822.9181  1.28370e-14
       4823.9944  1.20269e-14
       4825.0708  1.25929e-14
       4826.1472  1.37182e-14
       4827.2236  1.35024e-14
       4828.2999  1.31432e-14
       4829.3763  1.27629e-14
       4830.4527  1.25202e-14
       4831.5290  1.34863e-14
       4832.6054  1.43895e-14
       4833.6818  1.38365e-14
       4834.7582  1.26827e-14
       4835.8345  1.22600e-14
       4836.9109  1.31352e-14
       4837.9873  1.53962e-14
       4839.0636  1.68843e-14
       4840.1400  1.63362e-14
       4841.2164  1.40012e-14
       4842.2927  1.25099e-14
       4843.3691  1.32876e-14
       4844.4455  1.37606e-14
       4845.5219  1.30732e-14
       4846.5982  1.39132e-14
       4847.6746  1.32779e-14
       4848.7510  1.37427e-14
       4849.8273  1.31496e-14
       4850.9037  1.38186e-14
       4851.9801  1.34027e-14
       4853.0565  1.32219e-14
       4854.1328  1.27330e-14
       4855.2092  1.21950e-14
       4856.2856  1.21452e-14
       4857.3619  1.32955e-14
       4858.4383  1.21934e-14
       4859.5147  1.29114e-14
       4860.5911  1.44283e-14
       4861.6674  1.51963e-14
       4862.7438  1.56460e-14
       4863.8202  1.49283e-14
       4864.8965  1.52901e-14
       4865.9729  1.42657e-14
       4867.0493  1.35346e-14
       4868.1256  1.38889e-14
       4869.2020  1.35061e-14
       4870.2784  1.41390e-14
       4871.3548  1.40236e-14
       4872.4311  1.40335e-14
       4873.5075  1.44842e-14
       4874.5839  1.37565e-14
       4875.6602  1.39525e-14
       4876.7366  1.45875e-14
       4877.8130  1.52001e-14
       4878.8894  1.52863e-14
       4879.9657  1.40525e-14
       4881.0421  1.42654e-14
       4882.1185  1.38266e-14
       4883.1948  1.32033e-14
       4884.2712  1.34014e-14
       4885.3476  1.31298e-14
       4886.4240  1.34459e-14
       4887.5003  1.36641e-14
       4888.5767  1.33788e-14
       4889.6531  1.30205e-14
       4890.7294  1.40043e-14
       4891.8058  1.43276e-14
       4892.8822  1.25700e-14
       4893.9585  1.43132e-14
       4895.0349  1.36361e-14
       4896.1113  1.24391e-14
       4897.1877  1.26684e-14
       4898.2640  1.24976e-14
       4899.3404  1.23509e-14
       4900.4168  1.30530e-14
       4901.4931  1.27327e-14
       4902.5695  1.25439e-14
       4903.6459  1.24005e-14
       4904.7223  1.25294e-14
       4905.7986  1.23113e-14
       4906.8750  1.22712e-14
       4907.9514  1.24819e-14
       4909.0277  1.43157e-14
       4910.1041  1.33187e-14
       4911.1805  1.36248e-14
       4912.2569  1.38317e-14
       4913.3332  1.36670e-14
       4914.4096  1.37134e-14
       4915.4860  1.38403e-14
       4916.5623  1.47197e-14
       4917.6387  1.31343e-14
       4918.7151  1.34586e-14
       4919.7914  1.38821e-14
       4920.8678  1.45183e-14
       4921.9442  1.38741e-14
       4923.0206  1.34371e-14
       4924.0969  1.19514e-14
       4925.1733  1.15476e-14
       4926.2497  1.23798e-14
       4927.3260  1.13139e-14
       4928.4024  1.22001e-14
       4929.4788  1.22370e-14
       4930.5552  1.14057e-14
       4931.6315  1.27021e-14
       4932.7079  1.26021e-14
       4933.7843  1.19329e-14
       4934.8606  1.17738e-14
       4935.9370  1.35530e-14
       4937.0134  1.38656e-14
       4938.0898  1.26959e-14
       4939.1661  1.32975e-14
       4940.2425  1.33379e-14
       4941.3189  1.30392e-14
       4942.3952  1.20810e-14
       4943.4716  1.18930e-14
       4944.5480  1.17250e-14
       4945.6243  1.24045e-14
       4946.7007  1.24464e-14
       4947.7771  1.23288e-14
       4948.8535  1.19229e-14
       4949.9298  1.19014e-14
       4951.0062  1.34051e-14
       4952.0826  1.45896e-14
       4953.1589  1.62648e-14
       4954.2353  1.43902e-14
       4955.3117  1.34574e-14
       4956.3881  1.26193e-14
       4957.4644  1.22643e-14
       4958.5408  1.27011e-14
       4959.6172  1.21364e-14
       4960.6935  1.37665e-14
       4961.7699  1.38351e-14
       4962.8463  1.34560e-14
       4963.9227  1.47564e-14
       4964.9990  1.41557e-14
       4966.0754  1.56305e-14
       4967.1518  1.45759e-14
       4968.2281  1.53960e-14
       4969.3045  1.59037e-14
       4970.3809  1.73829e-14
       4971.4572  1.74161e-14
       4972.5336  1.97491e-14
       4973.6100  2.00289e-14
       4974.6864  1.99157e-14
       4975.7627  2.12255e-14
       4976.8391  2.21433e-14
       4977.9155  2.51902e-14
       4978.9918  2.72869e-14
       4980.0682  2.78096e-14
       4981.1446  2.98947e-14
       4982.2210  2.98941e-14
       4983.2973  2.94689e-14
       4984.3737  2.96908e-14
       4985.4501  2.76953e-14
       4986.5264  2.55214e-14
       4987.6028  2.40678e-14
       4988.6792  2.18432e-14
       4989.7556  2.08707e-14
       4990.8319  2.10553e-14
       4991.9083  2.09245e-14
       4992.9847  1.94677e-14
       4994.0610  1.72680e-14
       4995.1374  1.55967e-14
       4996.2138  1.48827e-14
       4997.2901  1.49315e-14
       4998.3665  1.51960e-14
       4999.4429  1.50906e-14
       5000.5193  1.32043e-14
       5001.5956  1.34552e-14
       5002.6720  1.30182e-14
       5003.7484  1.29089e-14
       5004.8247  1.29412e-14
       5005.9011  1.24574e-14
       5006.9775  1.32447e-14
       5008.0539  1.23195e-14
       5009.1302  1.19633e-14
       5010.2066  1.23187e-14
       5011.2830  1.09614e-14
       5012.3593  1.23430e-14
       5013.4357  1.24607e-14
       5014.5121  1.19138e-14
       5015.5885  1.23060e-14
       5016.6648  1.24350e-14
       5017.7412  1.33923e-14
       5018.8176  1.51463e-14
       5019.8939  1.48072e-14
       5020.9703  1.26976e-14
       5022.0467  1.21186e-14
       5023.1230  1.02581e-14
       5024.1994  1.13999e-14
       5025.2758  1.16158e-14
       5026.3522  1.08042e-14
       5027.4285  1.19375e-14
       5028.5049  1.28587e-14
       5029.5813  1.38629e-14
       5030.6576  1.31633e-14
       5031.7340  1.37282e-14
       5032.8104  1.24488e-14
       5033.8868  1.06539e-14
       5034.9631  1.16842e-14
       5036.0395  1.10968e-14
       5037.1159  1.12401e-14
       5038.1922  1.12699e-14
       5039.2686  1.13108e-14
       5040.3450  1.07402e-14
       5041.4214  1.12518e-14
       5042.4977  1.17936e-14
       5043.5741  1.14036e-14
       5044.6505  1.13330e-14
       5045.7268  1.07998e-14
       5046.8032  1.02547e-14
       5047.8796  1.04377e-14
       5048.9559  1.11738e-14
       5050.0323  1.12478e-14
       5051.1087  1.20269e-14
       5052.1851  1.14142e-14
       5053.2614  1.05809e-14
       5054.3378  1.13083e-14
       5055.4142  1.00486e-14
       5056.4905  1.09189e-14
       5057.5669  1.08900e-14
       5058.6433  1.11730e-14
       5059.7197  9.42358e-15
       5060.7960  1.10854e-14
       5061.8724  1.14420e-14
       5062.9488  1.30233e-14
       5064.0251  1.48040e-14
       5065.1015  1.42403e-14
       5066.1779  1.37134e-14
       5067.2543  1.44738e-14
       5068.3306  1.82717e-14
       5069.4070  1.78218e-14
       5070.4834  1.59688e-14
       5071.5597  1.33867e-14
       5072.6361  1.01356e-14
       5073.7125  1.14410e-14
       5074.7888  1.37260e-14
       5075.8652  1.53892e-14
       5076.9416  1.16144e-14
       5078.0180  1.26428e-14
       5079.0943  1.70005e-14
       5080.1707  2.31430e-14
       5081.2471  2.54955e-14
       5082.3234  2.58139e-14
       5083.3998  2.58705e-14
       5084.4762  2.65360e-14
       5085.5526  2.77062e-14
       5086.6289  2.58048e-14
       5087.7053  2.02406e-14
       5088.7817  1.70680e-14
       5089.8580  1.48050e-14
       5090.9344  1.37849e-14
       5092.0108  1.31100e-14
       5093.0872  1.07014e-14
       5094.1635  1.22320e-14
       5095.2399  1.45939e-14
       5096.3163  1.44693e-14
       5097.3926  1.59105e-14
       5098.4690  1.81205e-14
       5099.5454  1.89793e-14
       5100.6217  1.65193e-14
       5101.6981  1.32294e-14
       5102.7745  1.15237e-14
       5103.8509  1.05221e-14
       5104.9272  1.06196e-14
       5106.0036  1.16054e-14
       5107.0800  1.17249e-14
       5108.1563  1.27128e-14
       5109.2327  1.20067e-14
       5110.3091  1.13768e-14
       5111.3855  1.24471e-14
       5112.4618  1.14236e-14
       5113.5382  1.24796e-14
       5114.6146  1.32719e-14
       5115.6909  1.38452e-14
       5116.7673  1.27222e-14
       5117.8437  1.21258e-14
       5118.9201  1.06682e-14
       5119.9964  9.98898e-15
       5121.0728  1.03431e-14
       5122.1492  1.08749e-14
       5123.2255  1.03600e-14
       5124.3019  9.83988e-15
       5125.3783  1.05973e-14
       5126.4546  1.03801e-14
       5127.5310  1.07918e-14
       5128.6074  1.03007e-14
       5129.6838  1.09531e-14
       5130.7601  1.06150e-14
       5131.8365  1.02774e-14
       5132.9129  1.07856e-14
       5133.9892  1.07617e-14
       5135.0656  1.08573e-14
       5136.1420  1.00986e-14
       5137.2184  1.04702e-14
       5138.2947  1.06143e-14
       5139.3711  1.08872e-14
       5140.4475  1.09274e-14
       5141.5238  1.09857e-14
       5142.6002  1.21529e-14
       5143.6766  1.12558e-14
       5144.7530  1.09642e-14
       5145.8293  1.18769e-14
       5146.9057  1.27848e-14
       5147.9821  1.45243e-14
       5149.0584  1.53762e-14
       5150.1348  1.51731e-14
       5151.2112  1.51749e-14
       5152.2875  1.67273e-14
       5153.3639  1.89728e-14
       5154.4403  1.88637e-14
       5155.5167  1.55373e-14
       5156.5930  1.30993e-14
       5157.6694  1.37482e-14
       5158.7458  1.30912e-14
       5159.8221  1.21390e-14
       5160.8985  1.06540e-14
       5161.9749  1.04937e-14
       5163.0513  1.06894e-14
       5164.1276  1.07141e-14
       5165.2040  1.19010e-14
       5166.2804  1.06603e-14
       5167.3567  9.96848e-15
       5168.4331  9.94064e-15
       5169.5095  1.07473e-14
       5170.5859  9.84428e-15
       5171.6622  1.04147e-14
       5172.7386  9.46922e-15
       5173.8150  1.05779e-14
       5174.8913  1.03844e-14
       5175.9677  1.14611e-14
       5177.0441  1.16132e-14
       5178.1204  1.21324e-14
       5179.1968  1.06528e-14
       5180.2732  9.75749e-15
       5181.3496  9.15577e-15
       5182.4259  8.52336e-15
       5183.5023  1.00553e-14
       5184.5787  1.05632e-14
       5185.6550  1.08206e-14
       5186.7314  1.18932e-14
       5187.8078  1.12822e-14
       5188.8842  1.15098e-14
       5189.9605  1.09532e-14
       5191.0369  1.13891e-14
       5192.1133  1.05766e-14
       5193.1896  1.09126e-14
       5194.2660  1.22825e-14
       5195.3424  1.24789e-14
       5196.4188  1.35060e-14
       5197.4951  1.47880e-14
       5198.5715  1.36237e-14
       5199.6479  1.31589e-14
       5200.7242  1.12077e-14
       5201.8006  1.11170e-14
       5202.8770  1.09710e-14
       5203.9533  1.11846e-14
       5205.0297  1.15702e-14
       5206.1061  1.19192e-14
       5207.1825  1.20140e-14
       5208.2588  1.29068e-14
       5209.3352  1.30448e-14
       5210.4116  1.36270e-14
       5211.4879  1.13810e-14
       5212.5643  1.06556e-14
       5213.6407  1.07531e-14
       5214.7171  1.16064e-14
       5215.7934  1.22575e-14
       5216.8698  1.24904e-14
       5217.9462  1.46401e-14
       5219.0225  1.44757e-14
       5220.0989  1.30553e-14
       5221.1753  1.12962e-14
       5222.2517  1.17104e-14
       5223.3280  1.18981e-14
       5224.4044  1.11627e-14
       5225.4808  1.02465e-14
       5226.5571  1.06422e-14
       5227.6335  1.07116e-14
       5228.7099  1.07110e-14
       5229.7862  1.14731e-14
       5230.8626  1.10494e-14
       5231.9390  1.06780e-14
       5233.0154  1.08254e-14
       5234.0917  1.12123e-14
       5235.1681  1.13658e-14
       5236.2445  1.15226e-14
       5237.3208  1.18988e-14
       5238.3972  1.20675e-14
       5239.4736  1.25782e-14
       5240.5500  1.13241e-14
       5241.6263  1.06173e-14
       5242.7027  1.11548e-14
       5243.7791  1.13988e-14
       5244.8554  1.07125e-14
       5245.9318  1.08242e-14
       5247.0082  1.13672e-14
       5248.0846  1.15690e-14
       5249.1609  1.09920e-14
       5250.2373  1.12585e-14
       5251.3137  1.05439e-14
       5252.3900  9.67687e-15
       5253.4664  1.18691e-14
       5254.5428  1.24672e-14
       5255.6191  1.30711e-14
       5256.6955  1.54395e-14
       5257.7719  1.46462e-14
       5258.8483  1.34623e-14
       5259.9246  1.23230e-14
       5261.0010  1.19841e-14
       5262.0774  1.15112e-14
       5263.1537  1.06641e-14
       5264.2301  1.07887e-14
       5265.3065  1.10423e-14
       5266.3829  9.95850e-15
       5267.4592  9.80241e-15
       5268.5356  1.05737e-14
       5269.6120  1.14735e-14
       5270.6883  1.12531e-14
       5271.7647  1.14860e-14
       5272.8411  1.12410e-14
       5273.9175  1.20576e-14
       5274.9938  1.16270e-14
       5276.0702  1.13626e-14
       5277.1466  1.22073e-14
       5278.2229  1.11474e-14
       5279.2993  1.14207e-14
       5280.3757  1.23175e-14
       5281.4520  9.54027e-15
       5282.5284  1.05364e-14
       5283.6048  1.32753e-14
       5284.6812  1.16644e-14
       5285.7575  1.31076e-14
       5286.8339  1.28249e-14
       5287.9103  1.14010e-14
       5288.9866  1.12004e-14
       5290.0630  1.17734e-14
       5291.1394  1.11329e-14
       5292.2158  1.06614e-14
       5293.2921  1.14245e-14
       5294.3685  1.15752e-14
       5295.4449  1.26322e-14
       5296.5212  1.27433e-14
       5297.5976  1.27989e-14
       5298.6740  1.29937e-14
       5299.7504  1.26920e-14
       5300.8267  1.31940e-14
       5301.9031  1.25341e-14
       5302.9795  1.19846e-14
       5304.0558  1.20448e-14
       5305.1322  1.21753e-14
       5306.2086  1.18590e-14
       5307.2849  1.36066e-14
       5308.3613  1.26065e-14
       5309.4377  1.22435e-14
       5310.5141  1.25244e-14
       5311.5904  1.23064e-14
       5312.6668  1.30385e-14
       5313.7432  1.21408e-14
       5314.8195  1.24124e-14
       5315.8959  1.15273e-14
       5316.9723  1.08201e-14
       5318.0487  1.29819e-14
       5319.1250  1.09599e-14
       5320.2014  1.28491e-14
       5321.2778  1.18196e-14
       5322.3541  1.29571e-14
       5323.4305  1.35131e-14
       5324.5069  1.17989e-14
       5325.5833  1.33501e-14
       5326.6596  1.17554e-14
       5327.7360  1.21088e-14
       5328.8124  1.22293e-14
       5329.8887  1.42255e-14
       5330.9651  1.38425e-14
       5332.0415  1.29768e-14
       5333.1178  1.55923e-14
       5334.1942  1.40010e-14
       5335.2706  1.18976e-14
       5336.3470  1.36199e-14
       5337.4233  1.24509e-14
       5338.4997  1.46713e-14
       5339.5761  1.54192e-14
       5340.6524  1.55467e-14
       5341.7288  1.72323e-14
       5342.8052  1.63282e-14
       5343.8816  1.41042e-14
       5344.9579  1.20766e-14
       5346.0343  1.32118e-14
       5347.1107  1.61855e-14
       5348.1870  2.19799e-14
       5349.2634  2.07360e-14
       5350.3398  1.56536e-14
       5351.4162  1.46781e-14
       5352.4925  1.32319e-14
       5353.5689  1.70949e-14
       5354.6453  1.98279e-14
       5355.7216  2.05536e-14
       5356.7980  1.59163e-14
       5357.8744  1.57714e-14
       5358.9507  1.33911e-14
       5360.0271  1.39248e-14
       5361.1035  1.28258e-14
       5362.1799  1.27605e-14
       5363.2562  1.24145e-14
       5364.3326  1.27008e-14
       5365.4090  1.06427e-14
       5366.4853  1.28229e-14
       5367.5617  1.10992e-14
       5368.6381  1.36069e-14
       5369.7145  1.25292e-14
       5370.7908  1.24072e-14
       5371.8672  1.47778e-14
       5372.9436  1.41061e-14
       5374.0199  1.59461e-14
       5375.0963  1.71111e-14
       5376.1727  1.53910e-14
       5377.2491  1.55656e-14
       5378.3254  1.35309e-14
       5379.4018  1.54424e-14
       5380.4782  1.42058e-14
       5381.5545  1.44751e-14
       5382.6309  1.43989e-14
       5383.7073  1.48515e-14
       5384.7836  1.45650e-14
       5385.8600  1.40824e-14
       5386.9364  1.55593e-14
       5388.0128  1.53096e-14
       5389.0891  1.49177e-14
       5390.1655  1.74719e-14
       5391.2419  1.96613e-14
       5392.3182  1.72263e-14
       5393.3946  1.55590e-14
       5394.4710  1.58761e-14
       5395.5474  1.46733e-14
       5396.6237  1.57769e-14
       5397.7001  1.42699e-14
       5398.7765  1.49138e-14
       5399.8528  1.61705e-14
       5400.9292  1.64413e-14
       5402.0056  1.79203e-14
       5403.0820  1.70813e-14
       5404.1583  1.81661e-14
       5405.2347  1.73213e-14
       5406.3111  1.82505e-14
       5407.3874  1.78366e-14
       5408.4638  2.02764e-14
       5409.5402  2.04321e-14
       5410.6165  1.74996e-14
       5411.6929  1.90579e-14
       5412.7693  2.10832e-14
       5413.8457  2.14326e-14
       5414.9220  2.58836e-14
       5415.9984  2.42564e-14
       5417.0748  2.45661e-14
       5418.1511  2.15079e-14
       5419.2275  2.21890e-14
       5420.3039  2.12153e-14
       5421.3803  2.31041e-14
       5422.4566  2.63730e-14
       5423.5330  2.23617e-14
       5424.6094  2.46247e-14
       5425.6857  2.27779e-14
       5426.7621  2.24855e-14
       5427.8385  2.30280e-14
       5428.9149  2.21462e-14
       5429.9912  2.11930e-14
       5431.0676  2.14862e-14
       5432.1440  2.27686e-14
       5433.2203  2.03356e-14
       5434.2967  2.00751e-14
       5435.3731  2.13550e-14
       5436.4494  2.43164e-14
       5437.5258  2.37028e-14
       5438.6022  2.67140e-14
       5439.6786  2.33854e-14
       5440.7549  2.37804e-14
       5441.8313  2.49613e-14
       5442.9077  2.13921e-14
       5443.9840  2.38418e-14
       5445.0604  2.43375e-14
       5446.1368  2.16348e-14
       5447.2132  2.12016e-14
       5448.2895  2.35372e-14
       5449.3659  2.44726e-14
       5450.4423  2.41123e-14
       5451.5186  2.40992e-14
       5452.5950  2.30279e-14
       5453.6714  2.32956e-14
       5454.7478  2.22859e-14
       5455.8241  2.77762e-14
       5456.9005  2.96898e-14
       5457.9769  6.68362e-14
       5459.0532  8.47822e-14
       5460.1296  7.15102e-14
       5461.2060  5.13258e-14
       5462.2823  3.79866e-14
       5463.3587  2.92880e-14
       5464.4351  2.55993e-14
       5465.5115  2.65295e-14
       5466.5878  2.46023e-14
       5467.6642  2.32913e-14
       5468.7406  2.27047e-14
       5469.8169  2.26405e-14
       5470.8933  2.35364e-14
       5471.9697  2.23405e-14
       5473.0461  2.21957e-14
       5474.1224  2.69013e-14
       5475.1988  2.40975e-14
       5476.2752  2.01951e-14
       5477.3515  2.19456e-14
       5478.4279  2.25534e-14
       5479.5043  2.35988e-14
       5480.5807  2.65301e-14
       5481.6570  2.50140e-14
       5482.7334  2.61696e-14
       5483.8098  2.57266e-14
       5484.8861  2.07058e-14
       5485.9625  1.90589e-14
       5487.0389  1.93585e-14
       5488.1152  2.22813e-14
       5489.1916  2.17898e-14
       5490.2680  2.01697e-14
       5491.3444  2.01799e-14
       5492.4207  2.15477e-14
       5493.4971  2.19306e-14
       5494.5735  1.75762e-14
       5495.6498  1.83699e-14
       5496.7262  1.90249e-14
       5497.8026  1.79115e-14
       5498.8790  1.67121e-14
       5499.9553  1.88281e-14
       5501.0317  1.74773e-14
       5502.1081  1.73987e-14
       5503.1844  1.91318e-14
       5504.2608  1.72799e-14
       5505.3372  1.63894e-14
       5506.4136  1.79832e-14
       5507.4899  1.87014e-14
       5508.5663  1.85997e-14
       5509.6427  1.68189e-14
       5510.7190  1.97052e-14
       5511.7954  2.07033e-14
       5512.8718  2.24835e-14
       5513.9481  2.58675e-14
       5515.0245  1.78253e-14
       5516.1009  1.67201e-14
       5517.1773  1.82691e-14
       5518.2536  1.83034e-14
       5519.3300  2.47570e-14
       5520.4064  2.30435e-14
       5521.4827  1.94963e-14
       5522.5591  1.80177e-14
       5523.6355  1.81836e-14
       5524.7119  1.92953e-14
       5525.7882  2.00913e-14
       5526.8646  1.85953e-14
       5527.9410  1.64622e-14
       5529.0173  1.80830e-14
       5530.0937  1.84188e-14
       5531.1701  1.59078e-14
       5532.2465  1.64534e-14
       5533.3228  1.61324e-14
       5534.3992  1.83737e-14
       5535.4756  1.70527e-14
       5536.5519  1.51615e-14
       5537.6283  1.72497e-14
       5538.7047  1.52919e-14
       5539.7810  1.75466e-14
       5540.8574  2.03870e-14
       5541.9338  1.70384e-14
       5543.0102  1.46936e-14
       5544.0865  1.46817e-14
       5545.1629  1.45224e-14
       5546.2393  1.56496e-14
       5547.3156  1.64824e-14
       5548.3920  1.74079e-14
       5549.4684  2.00849e-14
       5550.5448  2.09369e-14
       5551.6211  1.86441e-14
       5552.6975  1.76616e-14
       5553.7739  1.55648e-14
       5554.8502  1.45091e-14
       5555.9266  1.44165e-14
       5557.0030  1.61547e-14
       5558.0794  1.70413e-14
       5559.1557  1.36578e-14
       5560.2321  1.88158e-14
       5561.3085  1.85767e-14
       5562.3848  1.92050e-14
       5563.4612  1.85666e-14
       5564.5376  1.70217e-14
       5565.6139  1.85358e-14
       5566.6903  1.49189e-14
       5567.7667  1.31462e-14
       5568.8431  1.26568e-14
       5569.9194  1.92861e-14
       5570.9958  2.19172e-14
       5572.0722  2.47272e-14
       5573.1485  1.84645e-14
       5574.2249  7.19923e-14
       5575.3013  1.06611e-13
       5576.3777  7.33079e-14
       5577.4540  4.97916e-14
       5578.5304  3.45436e-14
       5579.6068  2.24713e-14
       5580.6831  1.38355e-14
       5581.7595  1.34309e-14
       5582.8359  1.45470e-14
       5583.9123  1.54237e-14
       5584.9886  1.42049e-14
       5586.0650  2.03622e-14
       5587.1414  1.66033e-14
       5588.2177  2.06934e-14
       5589.2941  2.77253e-14
       5590.3705  1.98087e-14
       5591.4468  2.29343e-14
       5592.5232  2.47879e-14
       5593.5996  1.71889e-14
       5594.6760  1.83344e-14
       5595.7523  1.60719e-14
       5596.8287  1.83484e-14
       5597.9051  1.88498e-14
       5598.9814  2.09559e-14
       5602.1661  1.12360e-14
       5607.0267  1.14161e-14
       5611.8874  1.14073e-14
       5616.7480  1.12672e-14
       5621.6087  1.06741e-14
       5626.4693  1.09523e-14
       5631.3300  1.11196e-14
       5636.1906  1.16035e-14
       5641.0512  1.20566e-14
       5645.9119  1.18000e-14
       5650.7725  1.23479e-14
       5655.6332  1.33171e-14
       5660.4938  1.45572e-14
       5665.3545  1.74469e-14
       5670.2151  1.85399e-14
       5675.0758  2.25310e-14
       5679.9364  2.71031e-14
       5684.7971  2.76262e-14
       5689.6577  2.58273e-14
       5694.5184  2.26433e-14
       5699.3790  1.89666e-14
       5704.2397  1.71772e-14
       5709.1003  1.58042e-14
       5713.9610  1.51002e-14
       5718.8216  1.43790e-14
       5723.6823  1.36910e-14
       5728.5429  1.29303e-14
       5733.4036  1.33565e-14
       5738.2642  1.30366e-14
       5743.1248  1.27715e-14
       5747.9855  1.27993e-14
       5752.8461  1.35674e-14
       5757.7068  1.64020e-14
       5762.5674  1.95531e-14
       5767.4281  2.00778e-14
       5772.2887  1.79506e-14
       5777.1494  1.75668e-14
       5782.0100  1.91004e-14
       5786.8707  2.04875e-14
       5791.7313  1.96108e-14
       5796.5920  1.77062e-14
       5801.4526  1.64372e-14
       5806.3133  1.58506e-14
       5811.1739  1.59916e-14
       5816.0346  1.60812e-14
       5820.8952  1.66123e-14
       5825.7559  1.70448e-14
       5830.6165  1.80312e-14
       5835.4772  1.82666e-14
       5840.3378  1.75744e-14
       5845.1984  1.79160e-14
       5850.0591  1.97233e-14
       5854.9197  2.01347e-14
       5859.7804  2.11706e-14
       5864.6410  2.15442e-14
       5869.5017  2.06061e-14
       5874.3623  2.05874e-14
       5879.2230  2.80644e-14
       5884.0836  3.78660e-14
       5888.9443  3.90872e-14
       5893.8049  3.38342e-14
       5898.6656  2.61153e-14
       5903.5262  2.07939e-14
       5908.3869  1.92604e-14
       5913.2475  1.93846e-14
       5918.1082  1.96156e-14
       5922.9688  2.04283e-14
       5927.8295  2.06339e-14
       5932.6901  2.05636e-14
       5937.5508  1.97223e-14
       5942.4114  1.91464e-14
       5947.2721  1.92078e-14
       5952.1327  1.89925e-14
       5956.9933  1.84230e-14
       5961.8540  1.77582e-14
       5966.7146  1.79670e-14
       5971.5753  1.82401e-14
       5976.4359  1.73877e-14
       5981.2966  1.71733e-14
       5986.1572  1.70541e-14
       5991.0179  1.67846e-14
       5995.8785  1.64938e-14
       6000.7392  1.63020e-14
       6005.5998  1.55505e-14
       6010.4605  1.51079e-14
       6015.3211  1.48292e-14
       6020.1818  1.45964e-14
       6025.0424  1.43149e-14
       6029.9031  1.42594e-14
       6034.7637  1.37621e-14
       6039.6244  1.34985e-14
       6044.4850  1.36292e-14
       6049.3457  1.32122e-14
       6054.2063  1.31535e-14
       6059.0669  1.30245e-14
       6063.9276  1.27682e-14
       6068.7882  1.29775e-14
       6073.6489  1.29842e-14
       6078.5095  1.26630e-14
       6083.3702  1.25707e-14
       6088.2308  1.28120e-14
       6093.0915  1.38041e-14
       6097.9521  1.49702e-14
       6102.8128  1.65633e-14
       6107.6734  1.84757e-14
       6112.5341  1.81516e-14
       6117.3947  1.60105e-14
       6122.2554  1.44127e-14
       6127.1160  1.39779e-14
       6131.9767  1.36715e-14
       6136.8373  1.39379e-14
       6141.6980  1.35369e-14
       6146.5586  1.41767e-14
       6151.4193  1.56382e-14
       6156.2799  1.58643e-14
       6161.1405  1.41223e-14
       6166.0012  1.24610e-14
       6170.8618  1.15270e-14
       6175.7225  1.11807e-14
       6180.5831  1.08045e-14
       6185.4438  1.08929e-14
       6190.3044  1.09068e-14
       6195.1651  1.08731e-14
       6200.0257  1.10485e-14
       6204.8864  1.08839e-14
       6209.7470  1.06284e-14
       6214.6077  1.02038e-14
       6219.4683  1.01711e-14
       6224.3290  1.03015e-14
       6229.1896  1.15535e-14
       6234.0503  1.24965e-14
       6238.9109  1.14574e-14
       6243.7716  1.03324e-14
       6248.6322  1.07047e-14
       6253.4929  1.15172e-14
       6258.3535  1.15909e-14
       6263.2141  1.05206e-14
       6268.0748  9.78256e-15
       6272.9354  9.79422e-15
       6277.7961  9.97837e-15
       6282.6567  1.09403e-14
       6287.5174  1.08581e-14
       6292.3780  1.33143e-14
       6297.2387  1.34648e-14
       6302.0993  1.04434e-14
       6306.9600  9.03896e-15
       6311.8206  9.95367e-15
       6316.6813  9.41646e-15
       6321.5419  9.97870e-15
       6326.4026  1.04751e-14
       6331.2632  9.39275e-15
       6336.1239  8.59427e-15
       6340.9845  8.58213e-15
       6345.8452  8.90547e-15
       6350.7058  8.96746e-15
       6355.5665  1.06124e-14
       6360.4271  1.05192e-14
       6365.2878  8.19691e-15
       6370.1484  7.44079e-15
       6375.0090  8.45497e-15
       6379.8697  8.52668e-15
       6384.7303  8.05371e-15
       6389.5910  7.45992e-15
       6394.4516  7.98254e-15
       6399.3123  8.20450e-15
       6404.1729  7.69749e-15
       6409.0336  7.45966e-15
       6413.8942  7.31777e-15
       6418.7549  7.05774e-15
       6423.6155  6.95526e-15
       6428.4762  6.75264e-15
       6433.3368  6.79169e-15
       6438.1975  6.66356e-15
       6443.0581  6.84336e-15
       6447.9188  6.80850e-15
       6452.7794  6.93033e-15
       6457.6401  7.37296e-15
       6462.5007  8.30136e-15
       6467.3614  8.00293e-15
       6472.2220  7.12276e-15
       6477.0826  6.45286e-15
       6481.9433  6.18509e-15
       6486.8039  6.47396e-15
       6491.6646  8.08722e-15
       6496.5252  9.07066e-15
       6501.3859  8.01966e-15
       6506.2465  6.82428e-15
       6511.1072  6.43727e-15
       6515.9678  6.56313e-15
       6520.8285  6.84161e-15
       6525.6891  7.62392e-15
       6530.5498  8.01716e-15
       6535.4104  7.10028e-15
       6540.2711  7.00295e-15
       6545.1317  7.65210e-15
       6549.9924  8.11569e-15
       6554.8530  6.92385e-15
       6559.7137  6.18411e-15
       6564.5743  6.22729e-15
       6569.4350  7.19038e-15
       6574.2956  7.67515e-15
       6579.1562  6.72524e-15
       6584.0169  5.96052e-15
       6588.8775  6.22214e-15
       6593.7382  6.15783e-15
       6598.5988  6.58355e-15
       6603.4595  6.24679e-15
       6608.3201  5.38479e-15
       6613.1808  5.41393e-15
       6618.0414  5.45957e-15
       6622.9021  5.59857e-15
       6627.7627  5.79932e-15
       6632.6234  5.41370e-15
       6637.4840  5.39821e-15
       6642.3447  4.99679e-15
       6647.2053  5.01359e-15
       6652.0660  5.11046e-15
       6656.9266  5.45075e-15
       6661.7873  5.33255e-15
       6666.6479  5.28180e-15
       6671.5086  5.32545e-15
       6676.3692  5.41595e-15
       6681.2299  5.35558e-15
       6686.0905  5.22253e-15
       6690.9511  5.21399e-15
       6695.8118  5.22624e-15
       6700.6724  5.60664e-15
       6705.5331  5.79737e-15
       6710.3937  5.54957e-15
       6715.2544  5.33204e-15
       6720.1150  5.08890e-15
       6724.9757  4.85504e-15
       6729.8363  5.02315e-15
       6734.6970  4.99690e-15
       6739.5576  4.91686e-15
       6744.4183  4.96887e-15
       6749.2789  4.76418e-15
       6754.1396  4.86450e-15
       6759.0002  4.86807e-15
       6763.8609  4.61163e-15
       6768.7215  4.67466e-15
       6773.5822  4.81803e-15
       6778.4428  4.68806e-15
       6783.3035  4.75111e-15
       6788.1641  4.71718e-15
       6793.0247  4.60613e-15
       6797.8854  4.74344e-15
       6802.7460  4.56685e-15
       6807.6067  4.80219e-15
       6812.4673  4.88004e-15
       6817.3280  5.20802e-15
       6822.1886  7.31857e-15
       6827.0493  9.22247e-15
       6831.9099  8.08628e-15
       6836.7706  6.30625e-15
       6841.6312  5.32886e-15
       6846.4919  4.92776e-15
       6851.3525  4.96659e-15
       6856.2132  8.12484e-15
       6861.0738  9.18975e-15
       6865.9345  6.96639e-15
       6870.7951  5.31175e-15
       6875.6558  5.25304e-15
       6880.5164  5.95443e-15
       6885.3771  5.97982e-15
       6890.2377  5.42208e-15
       6895.0983  5.71821e-15
       6899.9590  5.62754e-15
       6904.8196  5.79089e-15
       6909.6803  6.18146e-15
       6914.5409  6.44347e-15
       6919.4016  7.12972e-15
       6924.2622  6.09002e-15
       6929.1229  4.98157e-15
       6933.9835  5.39348e-15
       6938.8442  6.10013e-15
       6943.7048  7.01448e-15
       6948.5655  6.28332e-15
       6953.4261  4.79268e-15
       6958.2868  4.54687e-15
       6963.1474  4.86905e-15
       6968.0081  5.36396e-15
       6972.8687  5.74369e-15
       6977.7294  5.75745e-15
       6982.5900  4.37459e-15
       6987.4507  4.13188e-15
       6992.3113  4.21555e-15
       6997.1719  4.42297e-15
       7002.0326  4.77090e-15
       7006.8932  4.71402e-15
       7011.7539  4.48077e-15
       7016.6145  3.62181e-15
       7021.4752  4.06467e-15
       7026.3358  4.48999e-15
       7031.1965  4.66635e-15
       7036.0571  4.42620e-15
       7040.9178  4.86959e-15
       7045.7784  4.98792e-15
       7050.6391  4.59530e-15
       7055.4997  4.47275e-15
       7060.3604  4.57193e-15
       7065.2210  4.65195e-15
       7070.0817  4.56037e-15
       7074.9423  4.53355e-15
       7079.8030  4.72696e-15
       7084.6636  4.72141e-15
       7089.5243  4.45722e-15
       7094.3849  4.15052e-15
       7099.2456  4.05363e-15
       7104.1062  4.01164e-15
       7108.9668  3.93551e-15
       7113.8275  4.09942e-15
       7118.6881  4.21693e-15
       7123.5488  4.38245e-15
       7128.4094  4.25934e-15
       7133.2701  4.25723e-15
       7138.1307  4.36091e-15
       7142.9914  4.52264e-15
       7147.8520  4.27874e-15
       7152.7127  4.14833e-15
       7157.5733  4.25529e-15
       7162.4340  4.26433e-15
       7167.2946  4.18079e-15
       7172.1553  4.03007e-15
       7177.0159  4.07176e-15
       7181.8766  3.86198e-15
       7186.7372  3.87586e-15
       7191.5979  3.74988e-15
       7196.4585  3.68913e-15
       7201.3192  3.87763e-15
       7206.1798  3.86188e-15
       7211.0404  3.92170e-15
       7215.9011  3.99063e-15
       7220.7617  4.17564e-15
       7225.6224  4.55306e-15
       7230.4830  6.74437e-15
       7235.3437  1.02871e-14
       7240.2043  1.06771e-14
       7245.0650  8.56312e-15
       7249.9256  6.24169e-15
       7254.7863  5.15816e-15
       7259.6469  4.77850e-15
       7264.5076  6.01683e-15
       7269.3682  9.46697e-15
       7274.2289  1.05750e-14
       7279.0895  8.84440e-15
       7283.9502  7.03893e-15
       7288.8108  5.76707e-15
       7293.6715  5.85887e-15
       7298.5321  6.23990e-15
       7303.3928  6.10161e-15
       7308.2534  8.20104e-15
       7313.1140  8.98261e-15
       7317.9747  7.17118e-15
       7322.8353  6.37586e-15
       7327.6960  6.46576e-15
       7332.5566  8.38158e-15
       7337.4173  9.34793e-15
       7342.2779  7.41539e-15
       7347.1386  5.73206e-15
       7351.9992  6.14740e-15
       7356.8599  6.81467e-15
       7361.7205  7.97355e-15
       7366.5812  8.26587e-15
       7371.4418  6.49155e-15
       7376.3025  4.66640e-15
       7381.1631  4.64265e-15
       7386.0238  5.40146e-15
       7390.8844  6.15791e-15
       7395.7451  6.67496e-15
       7400.6057  6.51228e-15
       7405.4664  5.25150e-15
       7410.3270  4.25097e-15
       7415.1876  4.10831e-15
       7420.0483  4.29735e-15
       7424.9089  4.70476e-15
       7429.7696  5.34030e-15
       7434.6302  5.61400e-15
       7439.4909  4.80893e-15
       7444.3515  4.07758e-15
       7449.2122  3.88016e-15
       7454.0728  4.07600e-15
       7458.9335  4.64824e-15
       7463.7941  5.45073e-15
       7468.6548  5.95008e-15
       7473.5154  6.26983e-15
       7478.3761  6.19659e-15
       7483.2367  5.39061e-15
       7488.0974  4.65708e-15
       7492.9580  4.21657e-15
       7497.8187  4.05790e-15
       7502.6793  3.73199e-15
       7507.5400  4.12386e-15
       7512.4006  5.22840e-15
       7517.2613  6.99632e-15
       7522.1219  7.58041e-15
       7526.9825  6.22994e-15
       7531.8432  4.88621e-15
       7536.7038  4.15975e-15
       7541.5645  3.85628e-15
       7546.4251  4.20690e-15
       7551.2858  4.53961e-15
       7556.1464  4.60198e-15
       7561.0071  5.24334e-15
       7565.8677  6.34243e-15
       7570.7284  6.12115e-15
       7575.5890  5.35659e-15
       7580.4497  4.71912e-15
       7585.3103  4.69943e-15
       7590.1710  4.48859e-15
       7595.0316  4.24865e-15
       7599.8923  3.48206e-15
       7604.7529  3.35796e-15
       7609.6136  4.24131e-15
       7614.4742  4.90994e-15
       7619.3349  5.18255e-15
       7624.1955  4.79586e-15
       7629.0561  4.57624e-15
       7633.9168  4.19720e-15
       7638.7774  3.81153e-15
       7643.6381  4.25718e-15
       7648.4987  4.59602e-15
       7653.3594  5.11544e-15
       7658.2200  5.18364e-15
       7663.0807  4.81301e-15
       7667.9413  4.51518e-15
       7672.8020  4.06726e-15
       7677.6626  4.30152e-15
       7682.5233  4.43557e-15
       7687.3839  4.78065e-15
       7692.2446  5.03969e-15
       7697.1052  5.18800e-15
       7701.9659  6.94942e-15
       7706.8265  9.72674e-15
       7711.6872  1.03825e-14
       7716.5478  9.14504e-15
       7721.4085  7.24734e-15
       7726.2691  5.82427e-15
       7731.1297  5.16163e-15
       7735.9904  5.43695e-15
       7740.8510  8.11268e-15
       7745.7117  9.67017e-15
       7750.5723  9.23321e-15
       7755.4330  8.13792e-15
       7760.2936  6.45715e-15
       7765.1543  5.77284e-15
       7770.0149  5.98376e-15
       7774.8756  6.19519e-15
       7779.7362  6.30834e-15
       7784.5969  7.92631e-15
       7789.4575  8.47103e-15
       7794.3182  7.94316e-15
       7799.1788  6.98470e-15
       7804.0395  6.40264e-15
       7808.9001  7.52783e-15
       7813.7608  8.69055e-15
       7818.6214  8.58573e-15
       7823.4821  7.50457e-15
       7828.3427  5.95125e-15
       7833.2034  5.55399e-15
       7838.0640  6.43854e-15
       7842.9246  8.09604e-15
       7847.7853  9.15883e-15
       7852.6459  8.92371e-15
       7857.5066  8.21822e-15
       7862.3672  7.68327e-15
       7867.2279  7.49111e-15
       7872.0885  7.25176e-15
       7876.9492  7.20498e-15
       7881.8098  7.41999e-15
       7886.6705  7.07863e-15
       7891.5311  6.36905e-15
       7896.3918  5.20641e-15
       7901.2524  7.06764e-15
       7906.1131  8.94461e-15
       7910.9737  9.61207e-15
       7915.8344  9.03352e-15
       7920.6950  7.66542e-15
       7925.5557  6.79943e-15
       7930.4163  5.80806e-15
       7935.2770  5.40306e-15
       7940.1376  5.39782e-15
       7944.9982  5.55668e-15
       7949.8589  5.80879e-15
       7954.7195  7.16042e-15
       7959.5802  7.84570e-15
       7964.4408  7.56822e-15
       7969.3015  7.11302e-15
       7974.1621  6.42782e-15
       7979.0228  6.55309e-15
       7983.8834  7.76979e-15
       7988.7441  8.23091e-15
       7993.6047  7.61214e-15
       7998.4654  6.12942e-15
       8003.3260  5.22900e-15
       8008.1867  5.49456e-15
       8013.0473  6.43429e-15
       8017.9080  7.48483e-15
       8022.7686  7.10224e-15
       8027.6293  6.29505e-15
       8032.4899  4.98099e-15
       8037.3506  4.07636e-15
       8042.2112  4.36383e-15
       8047.0718  4.80465e-15
       8051.9325  5.56537e-15
       8056.7931  5.77585e-15
       8061.6538  5.29021e-15
       8066.5144  4.71260e-15
       8071.3751  3.81916e-15
       8076.2357  3.92124e-15
       8081.0964  4.09087e-15
       8085.9570  4.20728e-15
       8090.8177  4.47687e-15
       8095.6783  4.58914e-15
       8100.5390  4.58664e-15
       8105.3996  4.30439e-15
       8110.2603  3.93071e-15
       8115.1209  3.80061e-15
       8119.9816  3.69833e-15
       8124.8422  3.69370e-15
       8129.7029  3.91444e-15
       8134.5635  4.11744e-15
       8139.4242  4.14469e-15
       8144.2848  4.08752e-15
       8149.1454  3.94681e-15
       8154.0061  3.89641e-15
       8158.8667  3.83578e-15
       8163.7274  4.23719e-15
       8168.5880  5.08213e-15
       8173.4487  6.07574e-15
       8178.3093  7.04384e-15
       8183.1700  7.70780e-15
       8188.0306  7.63061e-15
       8192.8913  7.33615e-15
       8197.7519  6.74606e-15
       8202.6126  6.02070e-15
       8207.4732  5.41076e-15
       8212.3339  4.83374e-15
       8217.1945  4.30497e-15
       8222.0552  3.92155e-15
       8226.9158  3.76382e-15
       8231.7765  3.85554e-15
       8236.6371  4.01127e-15
       8241.4978  4.15429e-15
       8246.3584  3.99261e-15
       8251.2191  3.99395e-15
       8256.0797  3.90236e-15
       8260.9403  3.95881e-15
       8265.8010  4.78722e-15
       8270.6616  6.09030e-15
       8275.5223  7.73085e-15
       8280.3829  8.31897e-15
       8285.2436  8.46532e-15
       8290.1042  8.31427e-15
       8294.9649  7.50173e-15
       8299.8255  7.24097e-15
       8304.6862  6.51277e-15
       8309.5468  5.29776e-15
       8314.4075  4.65807e-15
       8319.2681  4.25187e-15
       8324.1288  4.00922e-15
       8328.9894  5.89670e-15
       8333.8501  8.93946e-15
       8338.7107  9.68911e-15
       8343.5714  9.70881e-15
       8348.4320  8.63194e-15
       8353.2927  6.98373e-15
       8358.1533  6.03644e-15
       8363.0139  5.32658e-15
       8367.8746  5.24772e-15
       8372.7352  5.67460e-15
       8377.5959  5.80044e-15
       8382.4565  6.42450e-15
       8387.3172  6.93436e-15
       8392.1778  7.82057e-15
       8397.0385  8.02429e-15
       8401.8991  7.27120e-15
       8406.7598  6.21232e-15
       8411.6204  5.80724e-15
       8416.4811  7.57547e-15
       8421.3417  8.56755e-15
       8426.2024  8.23110e-15
       8431.0630  7.82484e-15
       8435.9237  6.40476e-15
       8440.7843  4.97769e-15
       8445.6450  5.18555e-15
       8450.5056  6.16241e-15
       8455.3663  7.27226e-15
       8460.2269  7.14213e-15
       8465.0875  6.83739e-15
       8469.9482  6.09104e-15
       8474.8088  4.45652e-15
       8479.6695  4.06484e-15
       8484.5301  4.71782e-15
       8489.3908  5.22459e-15
       8494.2514  6.14080e-15
       8499.1121  6.10671e-15
       8503.9727  5.53241e-15
       8508.8334  4.97031e-15
       8513.6940  3.83839e-15
       8518.5547  3.27797e-15
       8523.4153  3.49042e-15
       8528.2760  3.74343e-15
       8533.1366  4.22062e-15
       8537.9973  4.58851e-15
       8542.8579  4.70888e-15
       8547.7186  4.45550e-15
       8552.5792  3.99156e-15
       8557.4399  3.49491e-15
       8562.3005  3.14509e-15
       8567.1611  3.17992e-15
       8572.0218  3.30318e-15
       8576.8824  3.27761e-15
       8581.7431  3.52618e-15
       8586.6037  3.86701e-15
       8591.4644  3.71639e-15
       8596.3250  3.65971e-15
       8601.1857  3.70692e-15
       8606.0463  3.95354e-15
       8610.9070  4.99187e-15
       8615.7676  5.94651e-15
       8620.6283  6.41177e-15
       8625.4889  6.58884e-15
       8630.3496  6.35421e-15
       8635.2102  5.84932e-15
       8640.0709  5.80118e-15
       8644.9315  6.11373e-15
       8649.7922  6.51424e-15
       8654.6528  6.67560e-15
       8659.5135  6.44616e-15
       8664.3741  6.09616e-15
       8669.2348  5.54927e-15
       8674.0954  4.92722e-15
       8678.9560  4.49303e-15
       8683.8167  4.30431e-15
       8688.6773  3.97869e-15
       8693.5380  3.74301e-15
       8698.3986  3.56796e-15
       8703.2593  3.43371e-15
       8708.1199  3.22502e-15
       8712.9806  3.21593e-15
       8717.8412  3.25108e-15
       8722.7019  3.20724e-15
       8727.5625  3.43149e-15
       8732.4232  3.52640e-15
       8737.2838  3.46764e-15
       8742.1445  3.80983e-15
       8747.0051  5.00648e-15
       8751.8658  6.74341e-15
       8756.7264  7.58742e-15
       8761.5871  8.02005e-15
       8766.4477  8.13758e-15
       8771.3084  7.66066e-15
       8776.1690  7.00511e-15
       8781.0296  6.67945e-15
       8785.8903  5.57718e-15
       8790.7509  4.87644e-15
       8795.6116  4.66425e-15
       8800.4722  4.12645e-15
       8805.3329  3.96616e-15
       8810.1935  5.44820e-15
       8815.0542  8.03749e-15
       8819.9148  8.79364e-15
       8824.7755  8.68452e-15
       8829.6361  8.37924e-15
       8834.4968  6.97982e-15
       8839.3574  5.97020e-15
       8844.2181  5.36701e-15
       8849.0787  4.93502e-15
       8853.9394  5.59550e-15
       8858.8000  5.66892e-15
       8863.6607  5.53677e-15
       8868.5213  6.19487e-15
       8873.3820  7.26238e-15
       8878.2426  7.45619e-15
       8883.1032  7.30182e-15
       8887.9639  7.45142e-15
       8892.8245  6.53855e-15
       8897.6852  5.87107e-15
       8902.5458  6.66049e-15
       8907.4065  7.56097e-15
       8912.2671  7.69849e-15
       8917.1278  7.47572e-15
       8921.9884  6.90814e-15
       8926.8491  5.99962e-15
       8931.7097  5.09438e-15
       8936.5704  5.68292e-15
       8941.4310  6.17421e-15
       8946.2917  7.01056e-15
       8951.1523  6.86259e-15
       8956.0130  6.50843e-15
       8960.8736  6.27797e-15
       8965.7343  4.97699e-15
       8970.5949  4.06110e-15
       8975.4556  4.65849e-15
       8980.3162  4.82293e-15
       8985.1768  5.28058e-15
       8990.0375  6.22754e-15
       8994.8981  6.08487e-15
       8999.7588  5.60292e-15
       9004.6194  5.17510e-15
       9009.4801  4.06043e-15
       9014.3407  3.37801e-15
       9019.2014  3.57358e-15
       9024.0620  3.65195e-15
       9028.9227  4.19515e-15
       9033.7833  4.28859e-15
       9038.6440  4.87882e-15
       9043.5046  4.77684e-15
       9048.3653  4.50249e-15
       9053.2259  4.29013e-15
       9058.0866  3.62492e-15
       9062.9472  3.19152e-15
       9067.8079  3.13308e-15
       9072.6685  3.02918e-15
       9077.5292  2.95890e-15
       9082.3898  3.35838e-15
       9087.2505  3.34129e-15
       9092.1111  3.83324e-15
       9096.9717  3.83493e-15
       9101.8324  3.57195e-15
       9106.6930  3.41671e-15
       9111.5537  3.01859e-15
       9116.4143  2.74485e-15
       9121.2750  2.59338e-15
       9126.1356  2.76893e-15
       9130.9963  2.86228e-15
       9135.8569  2.74761e-15
       9140.7176  2.82679e-15
       9145.5782  2.94262e-15
       9150.4389  3.38833e-15
       9155.2995  3.28217e-15
       9160.1602  3.23975e-15
       9165.0208  3.09558e-15
       9169.8815  2.68276e-15
       9174.7421  2.72529e-15
       9179.6028  2.62898e-15
       9184.4634  2.46604e-15
       9189.3241  2.78842e-15
       9194.1847  2.57660e-15
       9199.0453  2.84766e-15
       9203.9060  2.78328e-15
       9208.7666  3.10314e-15
       9213.6273  3.37319e-15
       9218.4879  3.26223e-15
       9223.3486  3.19395e-15
       9228.2092  2.81401e-15
       9233.0699  3.07654e-15
       9237.9305  3.12058e-15
       9242.7912  3.24730e-15
       9247.6518  3.22604e-15
       9252.5125  3.46389e-15
       9257.3731  3.31579e-15
       9262.2338  3.00782e-15
       9267.0944  3.16898e-15
       9271.9551  3.13159e-15
       9276.8157  3.54379e-15
       9281.6764  3.52318e-15
       9286.5370  4.08308e-15
       9291.3977  4.91298e-15
       9296.2583  6.45403e-15
       9301.1189  7.37146e-15
       9305.9796  7.04460e-15
       9310.8402  7.23424e-15
       9315.7009  6.71571e-15
       9320.5615  6.16282e-15
       9325.4222  5.81906e-15
       9330.2828  5.06936e-15
       9335.1435  4.73422e-15
       9340.0041  4.68377e-15
       9344.8648  4.26030e-15
       9349.7254  4.41284e-15
       9354.5861  4.50463e-15
       9359.4467  6.54969e-15
       9364.3074  7.84717e-15
       9369.1680  7.31849e-15
       9374.0287  7.20634e-15
       9378.8893  6.78599e-15
       9383.7500  4.92167e-15
       9388.6106  4.71367e-15
       9393.4713  5.33562e-15
       9398.3319  4.67865e-15
       9403.1926  5.33299e-15
       9408.0532  5.76907e-15
       9412.9138  6.06361e-15
       9417.7745  5.88955e-15
       9422.6351  5.96444e-15
       9427.4958  6.70305e-15
       9432.3564  6.54803e-15
       9437.2171  6.73482e-15
       9442.0777  6.66977e-15
       9446.9384  5.55716e-15
       9451.7990  5.51565e-15
       9456.6597  5.98526e-15
       9461.5203  6.54772e-15
       9466.3810  6.47960e-15
       9471.2416  5.87684e-15
       9476.1023  5.83638e-15
       9480.9629  5.24420e-15
       9485.8236  4.34270e-15
       9490.6842  5.31309e-15
       9495.5449  5.40648e-15
       9500.4055  5.45177e-15
       9505.2662  5.18644e-15
       9510.1268  4.76220e-15
       9514.9874  4.44641e-15
       9519.8481  4.48585e-15
       9524.7087  4.13395e-15
       9529.5694  3.82541e-15
       9534.4300  4.04485e-15
       9539.2907  4.88809e-15
       9544.1513  4.83939e-15
       9549.0120  4.93260e-15
       9553.8726  5.56033e-15
       9558.7333  5.67269e-15
       9563.5939  5.20832e-15
       9568.4546  4.92728e-15
       9573.3152  4.00195e-15
       9578.1759  3.18957e-15
       9583.0365  3.18405e-15
       9587.8972  3.40744e-15
       9592.7578  3.57341e-15
       9597.6185  3.87688e-15
       9602.4791  3.95922e-15
       9607.3398  4.08665e-15
       9612.2004  4.15361e-15
       9617.0610  4.19266e-15
       9621.9217  4.16493e-15
       9626.7823  3.54677e-15
       9631.6430  3.25242e-15
       9636.5036  3.48103e-15
       9641.3643  3.41559e-15
       9646.2249  3.43303e-15
       9651.0856  3.62082e-15
       9655.9462  4.13451e-15
       9660.8069  4.19912e-15
       9665.6675  4.69636e-15
       9670.5282  5.08972e-15
       9675.3888  4.53226e-15
       9680.2495  4.57472e-15
       9685.1101  4.74392e-15
       9689.9708  4.76685e-15
       9694.8314  4.44024e-15
       9699.6921  4.62869e-15
       9704.5527  4.62833e-15
       9709.4134  4.78529e-15
       9714.2740  5.01566e-15
       9719.1346  4.65773e-15
       9723.9953  4.25754e-15
       9728.8559  4.06223e-15
       9733.7166  4.12584e-15
       9738.5772  3.88234e-15
       9743.4379  3.64593e-15
       9748.2985  3.69475e-15
       9753.1592  3.32532e-15
       9758.0198  3.41037e-15
       9762.8805  3.45673e-15
       9767.7411  3.33782e-15
       9772.6018  3.76465e-15
       9777.4624  4.79403e-15
       9782.3231  5.00033e-15
       9787.1837  5.09909e-15
       9792.0444  4.76752e-15
       9796.9050  4.02124e-15
       9801.7657  4.00573e-15
       9806.6263  3.96941e-15
       9811.4870  3.75690e-15
       9816.3476  3.77831e-15
       9821.2083  3.52395e-15
       9826.0689  3.83906e-15
       9830.9295  4.11225e-15
       9835.7902  4.03081e-15
       9840.6508  4.11759e-15
       9845.5115  4.14027e-15
       9850.3721  4.05633e-15
       9855.2328  4.19577e-15
       9860.0934  5.09325e-15
       9864.9541  5.07406e-15
       9869.8147  4.92747e-15
       9874.6754  4.42213e-15
       9879.5360  3.93476e-15
       9884.3967  4.38622e-15
       9889.2573  4.26259e-15
       9894.1180  4.31463e-15
       9898.9786  4.61498e-15
       9903.8393  4.71529e-15
       9908.6999  4.94693e-15
       9913.5606  4.72111e-15
       9918.4212  3.96863e-15
       9923.2819  3.67954e-15
       9928.1425  5.10993e-15
       9933.0031  5.74801e-15
       9937.8638  5.70812e-15
       9942.7244  5.78754e-15
       9947.5851  5.28163e-15
       9952.4457  4.94014e-15
       9957.3064  4.96688e-15
       9962.1670  4.53456e-15
       9967.0277  4.11229e-15
       9971.8883  4.16471e-15
       9976.7490  3.80972e-15
       9981.6096  3.68649e-15
       9986.4703  3.73571e-15
       9991.3309  4.16020e-15
       9996.1916  4.82618e-15
       10001.052  4.98945e-15
       10005.913  5.11867e-15
       10010.774  5.11543e-15
       10015.634  4.59371e-15
       10020.495  4.03237e-15
       10025.355  3.95347e-15
       10030.216  3.70716e-15
       10035.077  3.77630e-15
       10039.937  3.68777e-15
       10044.798  3.81059e-15
